time,evspsbl
2046-01-01 12:00:00,4.8405807e-05
2046-01-02 12:00:00,3.0566793e-05
2046-01-03 12:00:00,3.3731507e-05
2046-01-04 12:00:00,1.1083845e-05
2046-01-05 12:00:00,1.7095852e-05
2046-01-06 12:00:00,2.8185488e-05
2046-01-07 12:00:00,4.309036e-05
2046-01-08 12:00:00,4.2765605e-05
2046-01-09 12:00:00,3.7124468e-05
2046-01-10 12:00:00,3.6577898e-05
2046-01-11 12:00:00,1.9905623e-05
2046-01-12 12:00:00,5.736215e-05
2046-01-13 12:00:00,2.407853e-05
2046-01-14 12:00:00,3.0457566e-05
2046-01-15 12:00:00,3.8826664e-05
2046-01-16 12:00:00,1.0016665e-05
2046-01-17 12:00:00,1.6985112e-05
2046-01-18 12:00:00,1.708133e-05
2046-01-19 12:00:00,1.0856602e-05
2046-01-20 12:00:00,1.2817574e-05
2046-01-21 12:00:00,1.9979969e-05
2046-01-22 12:00:00,4.7515452e-05
2046-01-23 12:00:00,3.5504287e-05
2046-01-24 12:00:00,3.535347e-05
2046-01-25 12:00:00,1.121909e-05
2046-01-26 12:00:00,3.8379683e-05
2046-01-27 12:00:00,6.206913e-05
2046-01-28 12:00:00,5.6030738e-05
2046-01-29 12:00:00,4.5825058e-05
2046-01-30 12:00:00,3.0286465e-05
2046-02-01 12:00:00,3.4559358e-05
2046-02-02 12:00:00,2.1585754e-05
2046-02-03 12:00:00,1.0419346e-05
2046-02-04 12:00:00,3.4975528e-06
2046-02-05 12:00:00,3.9779407e-06
2046-02-06 12:00:00,1.9968196e-05
2046-02-07 12:00:00,2.5881498e-05
2046-02-08 12:00:00,2.9861418e-05
2046-02-09 12:00:00,3.1643664e-05
2046-02-10 12:00:00,2.211015e-05
2046-02-11 12:00:00,1.8198494e-05
2046-02-12 12:00:00,7.2665716e-06
2046-02-13 12:00:00,7.654278e-06
2046-02-14 12:00:00,3.7159189e-06
2046-02-15 12:00:00,5.9790473e-06
2046-02-16 12:00:00,4.213357e-05
2046-02-17 12:00:00,4.3528406e-05
2046-02-18 12:00:00,3.524743e-05
2046-02-19 12:00:00,4.084839e-05
2046-02-20 12:00:00,4.2026422e-05
2046-02-21 12:00:00,3.4798213e-05
2046-02-22 12:00:00,6.461545e-06
2046-02-23 12:00:00,3.4118697e-05
2046-02-24 12:00:00,3.4835175e-05
2046-02-25 12:00:00,3.2628202e-05
2046-02-26 12:00:00,9.23434e-06
2046-02-27 12:00:00,8.765739e-06
2046-02-28 12:00:00,2.118236e-05
2046-02-29 12:00:00,1.3402576e-05
2046-02-30 12:00:00,2.6079506e-05
2046-03-01 12:00:00,2.1165839e-05
2046-03-02 12:00:00,2.5952015e-05
2046-03-03 12:00:00,2.352144e-05
2046-03-04 12:00:00,4.3685082e-05
2046-03-05 12:00:00,1.1728393e-05
2046-03-06 12:00:00,1.07932865e-05
2046-03-07 12:00:00,1.9026236e-05
2046-03-08 12:00:00,3.370973e-05
2046-03-09 12:00:00,9.306168e-06
2046-03-10 12:00:00,6.523449e-06
2046-03-11 12:00:00,1.1933327e-05
2046-03-12 12:00:00,1.7877974e-05
2046-03-13 12:00:00,3.1797652e-05
2046-03-14 12:00:00,2.5511079e-05
2046-03-15 12:00:00,2.0055173e-05
2046-03-16 12:00:00,1.253048e-05
2046-03-17 12:00:00,3.5329336e-05
2046-03-18 12:00:00,2.1915228e-05
2046-03-19 12:00:00,2.4990033e-05
2046-03-20 12:00:00,8.295188e-06
2046-03-21 12:00:00,6.835602e-06
2046-03-22 12:00:00,8.2232e-06
2046-03-23 12:00:00,1.188321e-05
2046-03-24 12:00:00,1.8324092e-05
2046-03-25 12:00:00,7.857932e-06
2046-03-26 12:00:00,3.587299e-05
2046-03-27 12:00:00,3.2010415e-05
2046-03-28 12:00:00,3.4908084e-05
2046-03-29 12:00:00,2.3572025e-05
2046-03-30 12:00:00,3.5526566e-05
2046-04-01 12:00:00,1.845188e-05
2046-04-02 12:00:00,1.0427335e-05
2046-04-03 12:00:00,1.6438382e-05
2046-04-04 12:00:00,2.1622895e-05
2046-04-05 12:00:00,1.354648e-05
2046-04-06 12:00:00,9.824464e-06
2046-04-07 12:00:00,8.444338e-06
2046-04-08 12:00:00,2.1472853e-05
2046-04-09 12:00:00,1.3797122e-05
2046-04-10 12:00:00,1.3155838e-05
2046-04-11 12:00:00,1.1630007e-05
2046-04-12 12:00:00,1.537532e-05
2046-04-13 12:00:00,1.2140081e-05
2046-04-14 12:00:00,1.05903455e-05
2046-04-15 12:00:00,1.0760574e-05
2046-04-16 12:00:00,9.96227e-06
2046-04-17 12:00:00,1.5356676e-05
2046-04-18 12:00:00,1.4505335e-05
2046-04-19 12:00:00,8.888383e-06
2046-04-20 12:00:00,9.53684e-06
2046-04-21 12:00:00,1.0241967e-05
2046-04-22 12:00:00,7.063325e-06
2046-04-23 12:00:00,1.1739234e-05
2046-04-24 12:00:00,1.1652097e-05
2046-04-25 12:00:00,1.0536023e-05
2046-04-26 12:00:00,1.0684642e-05
2046-04-27 12:00:00,7.914452e-06
2046-04-28 12:00:00,5.1660745e-06
2046-04-29 12:00:00,1.7975108e-05
2046-04-30 12:00:00,2.6095688e-05
2046-05-01 12:00:00,3.137377e-05
2046-05-02 12:00:00,2.7639398e-05
2046-05-03 12:00:00,2.0118925e-05
2046-05-04 12:00:00,2.0971405e-05
2046-05-05 12:00:00,1.6972932e-05
2046-05-06 12:00:00,1.5636226e-05
2046-05-07 12:00:00,1.0476802e-05
2046-05-08 12:00:00,3.3715598e-05
2046-05-09 12:00:00,2.9574167e-05
2046-05-10 12:00:00,1.957918e-05
2046-05-11 12:00:00,1.3767756e-05
2046-05-12 12:00:00,1.580795e-05
2046-05-13 12:00:00,7.160299e-06
2046-05-14 12:00:00,1.1408149e-05
2046-05-15 12:00:00,1.1069671e-05
2046-05-16 12:00:00,1.2254392e-05
2046-05-17 12:00:00,1.2895529e-05
2046-05-18 12:00:00,2.6808339e-05
2046-05-19 12:00:00,1.8359482e-05
2046-05-20 12:00:00,2.5643749e-05
2046-05-21 12:00:00,1.8473045e-05
2046-05-22 12:00:00,1.6292834e-05
2046-05-23 12:00:00,1.5016878e-05
2046-05-24 12:00:00,1.4089717e-05
2046-05-25 12:00:00,1.3709185e-05
2046-05-26 12:00:00,1.70173e-05
2046-05-27 12:00:00,1.5401514e-05
2046-05-28 12:00:00,1.4805337e-05
2046-05-29 12:00:00,9.572221e-06
2046-05-30 12:00:00,1.1859855e-05
2046-06-01 12:00:00,1.4833262e-05
2046-06-02 12:00:00,1.6565915e-05
2046-06-03 12:00:00,1.4243022e-05
2046-06-04 12:00:00,1.2090837e-05
2046-06-05 12:00:00,1.587301e-05
2046-06-06 12:00:00,1.5020541e-05
2046-06-07 12:00:00,1.5279613e-05
2046-06-08 12:00:00,1.3612094e-05
2046-06-09 12:00:00,1.7724393e-05
2046-06-10 12:00:00,9.794763e-06
2046-06-11 12:00:00,1.3609082e-05
2046-06-12 12:00:00,1.3393132e-05
2046-06-13 12:00:00,1.4987454e-05
2046-06-14 12:00:00,1.6171223e-05
2046-06-15 12:00:00,1.215082e-05
2046-06-16 12:00:00,1.4424571e-05
2046-06-17 12:00:00,1.5476588e-05
2046-06-18 12:00:00,8.144445e-06
2046-06-19 12:00:00,1.3956422e-05
2046-06-20 12:00:00,1.4341655e-05
2046-06-21 12:00:00,1.45759695e-05
2046-06-22 12:00:00,1.4837744e-05
2046-06-23 12:00:00,1.5693338e-05
2046-06-24 12:00:00,1.3743105e-05
2046-06-25 12:00:00,1.819212e-05
2046-06-26 12:00:00,1.0873584e-05
2046-06-27 12:00:00,1.3562472e-05
2046-06-28 12:00:00,1.5041776e-05
2046-06-29 12:00:00,1.2472272e-05
2046-06-30 12:00:00,1.9095154e-05
2046-07-01 12:00:00,1.5670244e-05
2046-07-02 12:00:00,2.184094e-05
2046-07-03 12:00:00,2.2812004e-05
2046-07-04 12:00:00,2.301656e-05
2046-07-05 12:00:00,1.7242783e-05
2046-07-06 12:00:00,1.1609911e-05
2046-07-07 12:00:00,2.2554479e-05
2046-07-08 12:00:00,1.7878949e-05
2046-07-09 12:00:00,1.2553472e-05
2046-07-10 12:00:00,1.3243116e-05
2046-07-11 12:00:00,1.2146833e-05
2046-07-12 12:00:00,1.4645935e-05
2046-07-13 12:00:00,1.174424e-05
2046-07-14 12:00:00,1.5544836e-05
2046-07-15 12:00:00,1.1732598e-05
2046-07-16 12:00:00,3.124647e-05
2046-07-17 12:00:00,2.6630165e-05
2046-07-18 12:00:00,2.174059e-05
2046-07-19 12:00:00,1.4349018e-05
2046-07-20 12:00:00,1.433873e-05
2046-07-21 12:00:00,1.4549296e-05
2046-07-22 12:00:00,1.0945005e-05
2046-07-23 12:00:00,1.8156665e-05
2046-07-24 12:00:00,1.7770028e-05
2046-07-25 12:00:00,1.0038639e-05
2046-07-26 12:00:00,9.254873e-06
2046-07-27 12:00:00,1.085746e-05
2046-07-28 12:00:00,1.5402838e-05
2046-07-29 12:00:00,1.8126113e-05
2046-07-30 12:00:00,1.2720222e-05
2046-08-01 12:00:00,8.004572e-06
2046-08-02 12:00:00,1.6286256e-05
2046-08-03 12:00:00,9.876952e-06
2046-08-04 12:00:00,1.6617472e-05
2046-08-05 12:00:00,1.8455103e-05
2046-08-06 12:00:00,1.0883785e-05
2046-08-07 12:00:00,1.3286728e-05
2046-08-08 12:00:00,1.2478733e-05
2046-08-09 12:00:00,1.6573336e-05
2046-08-10 12:00:00,1.3608864e-05
2046-08-11 12:00:00,1.3514073e-05
2046-08-12 12:00:00,2.3985529e-05
2046-08-13 12:00:00,1.0223841e-05
2046-08-14 12:00:00,1.0667427e-05
2046-08-15 12:00:00,1.0263131e-05
2046-08-16 12:00:00,1.3461264e-05
2046-08-17 12:00:00,1.4025965e-05
2046-08-18 12:00:00,1.4657562e-05
2046-08-19 12:00:00,1.6279766e-05
2046-08-20 12:00:00,1.6119113e-05
2046-08-21 12:00:00,1.02716585e-05
2046-08-22 12:00:00,6.771399e-06
2046-08-23 12:00:00,9.498093e-06
2046-08-24 12:00:00,2.1283806e-05
2046-08-25 12:00:00,2.1676562e-05
2046-08-26 12:00:00,9.526862e-06
2046-08-27 12:00:00,1.151691e-05
2046-08-28 12:00:00,1.0763746e-05
2046-08-29 12:00:00,1.0050659e-05
2046-08-30 12:00:00,5.3010444e-06
2046-09-01 12:00:00,3.861205e-06
2046-09-02 12:00:00,6.7489163e-06
2046-09-03 12:00:00,7.3871634e-06
2046-09-04 12:00:00,1.21790945e-05
2046-09-05 12:00:00,9.086711e-06
2046-09-06 12:00:00,7.643277e-06
2046-09-07 12:00:00,5.8476435e-06
2046-09-08 12:00:00,5.104608e-06
2046-09-09 12:00:00,4.4004555e-06
2046-09-10 12:00:00,4.360365e-06
2046-09-11 12:00:00,3.1741802e-06
2046-09-12 12:00:00,4.143236e-06
2046-09-13 12:00:00,4.6319037e-06
2046-09-14 12:00:00,8.505216e-06
2046-09-15 12:00:00,3.5996738e-05
2046-09-16 12:00:00,3.3000804e-05
2046-09-17 12:00:00,1.62652e-05
2046-09-18 12:00:00,1.2971606e-05
2046-09-19 12:00:00,7.6273573e-06
2046-09-20 12:00:00,8.559189e-06
2046-09-21 12:00:00,1.8426466e-05
2046-09-22 12:00:00,3.995323e-05
2046-09-23 12:00:00,2.5725021e-05
2046-09-24 12:00:00,1.8760678e-05
2046-09-25 12:00:00,2.4405905e-05
2046-09-26 12:00:00,2.0071297e-05
2046-09-27 12:00:00,1.0953052e-05
2046-09-28 12:00:00,1.3876328e-05
2046-09-29 12:00:00,1.4562713e-05
2046-09-30 12:00:00,1.2510442e-05
2046-10-01 12:00:00,2.6232447e-05
2046-10-02 12:00:00,3.373128e-05
2046-10-03 12:00:00,9.254873e-06
2046-10-04 12:00:00,4.761314e-05
2046-10-05 12:00:00,4.485302e-05
2046-10-06 12:00:00,2.5530899e-05
2046-10-07 12:00:00,1.7362123e-05
2046-10-08 12:00:00,1.6767473e-05
2046-10-09 12:00:00,1.9294923e-05
2046-10-10 12:00:00,3.1405725e-05
2046-10-11 12:00:00,2.8465482e-05
2046-10-12 12:00:00,3.242529e-05
2046-10-13 12:00:00,2.4338007e-05
2046-10-14 12:00:00,2.4029563e-05
2046-10-15 12:00:00,1.4321744e-05
2046-10-16 12:00:00,5.4261574e-05
2046-10-17 12:00:00,4.7878108e-05
2046-10-18 12:00:00,4.3183427e-05
2046-10-19 12:00:00,4.8468137e-05
2046-10-20 12:00:00,5.6144854e-05
2046-10-21 12:00:00,5.5060656e-05
2046-10-22 12:00:00,5.3861757e-05
2046-10-23 12:00:00,3.2277836e-05
2046-10-24 12:00:00,1.7208513e-05
2046-10-25 12:00:00,5.841721e-06
2046-10-26 12:00:00,6.8772206e-06
2046-10-27 12:00:00,1.149434e-05
2046-10-28 12:00:00,1.959977e-05
2046-10-29 12:00:00,4.1280902e-05
2046-10-30 12:00:00,4.092288e-05
2046-11-01 12:00:00,3.3775024e-05
2046-11-02 12:00:00,2.892311e-05
2046-11-03 12:00:00,2.783291e-05
2046-11-04 12:00:00,3.709772e-05
2046-11-05 12:00:00,3.568943e-05
2046-11-06 12:00:00,2.2139691e-05
2046-11-07 12:00:00,1.8447594e-05
2046-11-08 12:00:00,1.5483834e-05
2046-11-09 12:00:00,3.2520562e-05
2046-11-10 12:00:00,2.21107e-05
2046-11-11 12:00:00,2.494613e-05
2046-11-12 12:00:00,1.7900937e-05
2046-11-13 12:00:00,1.6783597e-05
2046-11-14 12:00:00,3.4788696e-05
2046-11-15 12:00:00,2.3335379e-05
2046-11-16 12:00:00,5.307474e-05
2046-11-17 12:00:00,3.3669177e-05
2046-11-18 12:00:00,6.6286186e-05
2046-11-19 12:00:00,3.1943433e-05
2046-11-20 12:00:00,2.808201e-05
2046-11-21 12:00:00,1.5615442e-05
2046-11-22 12:00:00,3.294117e-06
2046-11-23 12:00:00,1.8974679e-06
2046-11-24 12:00:00,3.8552535e-06
2046-11-25 12:00:00,1.2080505e-05
2046-11-26 12:00:00,1.8452034e-05
2046-11-27 12:00:00,2.38847e-05
2046-11-28 12:00:00,6.297779e-05
2046-11-29 12:00:00,5.546116e-05
2046-11-30 12:00:00,3.697138e-05
2046-12-01 12:00:00,1.2374538e-05
2046-12-02 12:00:00,2.8541272e-05
2046-12-03 12:00:00,2.0603047e-05
2046-12-04 12:00:00,1.1840515e-05
2046-12-05 12:00:00,1.8709543e-05
2046-12-06 12:00:00,2.4558143e-05
2046-12-07 12:00:00,2.2245615e-05
2046-12-08 12:00:00,3.0777766e-05
2046-12-09 12:00:00,1.8495746e-05
2046-12-10 12:00:00,1.5242705e-05
2046-12-11 12:00:00,2.2623339e-05
2046-12-12 12:00:00,3.5787496e-05
2046-12-13 12:00:00,2.1727483e-05
2046-12-14 12:00:00,1.2647953e-05
2046-12-15 12:00:00,2.1983928e-05
2046-12-16 12:00:00,1.46625825e-05
2046-12-17 12:00:00,2.7059708e-05
2046-12-18 12:00:00,2.5870278e-05
2046-12-19 12:00:00,2.6380323e-05
2046-12-20 12:00:00,2.0889755e-05
2046-12-21 12:00:00,2.6578215e-05
2046-12-22 12:00:00,2.0783133e-05
2046-12-23 12:00:00,1.8846986e-05
2046-12-24 12:00:00,3.0467534e-05
2046-12-25 12:00:00,2.2928944e-05
2046-12-26 12:00:00,2.6279384e-05
2046-12-27 12:00:00,2.7360777e-05
2046-12-28 12:00:00,2.8662325e-05
2046-12-29 12:00:00,1.1803524e-05
2046-12-30 12:00:00,2.4638357e-05
2047-01-01 12:00:00,4.5227556e-05
2047-01-02 12:00:00,2.304594e-05
2047-01-03 12:00:00,1.6968057e-05
2047-01-04 12:00:00,2.5926332e-05
2047-01-05 12:00:00,8.071715e-06
2047-01-06 12:00:00,6.0717475e-06
2047-01-07 12:00:00,4.917936e-06
2047-01-08 12:00:00,1.4404764e-05
2047-01-09 12:00:00,1.1321026e-05
2047-01-10 12:00:00,8.467425e-06
2047-01-11 12:00:00,1.9558738e-05
2047-01-12 12:00:00,1.40613865e-05
2047-01-13 12:00:00,1.768371e-05
2047-01-14 12:00:00,2.408569e-05
2047-01-15 12:00:00,2.2308624e-05
2047-01-16 12:00:00,1.36399985e-05
2047-01-17 12:00:00,2.1836575e-05
2047-01-18 12:00:00,2.6140959e-05
2047-01-19 12:00:00,3.042278e-05
2047-01-20 12:00:00,2.264441e-05
2047-01-21 12:00:00,1.1280383e-05
2047-01-22 12:00:00,1.8076811e-05
2047-01-23 12:00:00,2.4663183e-05
2047-01-24 12:00:00,7.392242e-06
2047-01-25 12:00:00,4.989053e-06
2047-01-26 12:00:00,7.0844826e-06
2047-01-27 12:00:00,8.171865e-06
2047-01-28 12:00:00,1.19311735e-05
2047-01-29 12:00:00,7.2380644e-06
2047-01-30 12:00:00,-2.7155147e-07
2047-02-01 12:00:00,2.789151e-06
2047-02-02 12:00:00,4.048765e-06
2047-02-03 12:00:00,-1.128632e-06
2047-02-04 12:00:00,1.0541975e-05
2047-02-05 12:00:00,2.0080362e-05
2047-02-06 12:00:00,1.6959646e-05
2047-02-07 12:00:00,3.4793542e-05
2047-02-08 12:00:00,3.034086e-05
2047-02-09 12:00:00,1.5097351e-05
2047-02-10 12:00:00,3.4447687e-05
2047-02-11 12:00:00,1.992783e-05
2047-02-12 12:00:00,2.2716238e-05
2047-02-13 12:00:00,9.999698e-06
2047-02-14 12:00:00,1.2895406e-05
2047-02-15 12:00:00,3.2458825e-05
2047-02-16 12:00:00,2.1310589e-05
2047-02-17 12:00:00,6.364193e-06
2047-02-18 12:00:00,1.7769886e-05
2047-02-19 12:00:00,1.9971296e-05
2047-02-20 12:00:00,1.2086064e-05
2047-02-21 12:00:00,8.2849e-06
2047-02-22 12:00:00,1.38352825e-05
2047-02-23 12:00:00,2.0476484e-05
2047-02-24 12:00:00,1.6149505e-05
2047-02-25 12:00:00,1.6805992e-05
2047-02-26 12:00:00,1.2673743e-05
2047-02-27 12:00:00,1.7029728e-05
2047-02-28 12:00:00,1.046768e-05
2047-02-29 12:00:00,2.2517997e-05
2047-02-30 12:00:00,1.6223465e-05
2047-03-01 12:00:00,1.6793052e-05
2047-03-02 12:00:00,1.17764575e-05
2047-03-03 12:00:00,8.130533e-06
2047-03-04 12:00:00,2.6236477e-05
2047-03-05 12:00:00,3.43351e-05
2047-03-06 12:00:00,8.010131e-06
2047-03-07 12:00:00,1.6178892e-05
2047-03-08 12:00:00,3.144286e-05
2047-03-09 12:00:00,3.3678953e-05
2047-03-10 12:00:00,2.7714428e-05
2047-03-11 12:00:00,1.33803405e-05
2047-03-12 12:00:00,4.8704533e-06
2047-03-13 12:00:00,6.3382904e-06
2047-03-14 12:00:00,3.0921525e-05
2047-03-15 12:00:00,7.6056313e-06
2047-03-16 12:00:00,8.419331e-06
2047-03-17 12:00:00,1.6334903e-05
2047-03-18 12:00:00,5.3890835e-06
2047-03-19 12:00:00,1.3873308e-05
2047-03-20 12:00:00,1.9976607e-05
2047-03-21 12:00:00,6.514435e-06
2047-03-22 12:00:00,1.1195394e-05
2047-03-23 12:00:00,2.6747783e-05
2047-03-24 12:00:00,1.463163e-05
2047-03-25 12:00:00,1.3504806e-05
2047-03-26 12:00:00,2.288486e-05
2047-03-27 12:00:00,5.1931274e-06
2047-03-28 12:00:00,1.7288983e-05
2047-03-29 12:00:00,2.6693608e-05
2047-03-30 12:00:00,2.0907688e-05
2047-04-01 12:00:00,1.29579585e-05
2047-04-02 12:00:00,1.3380923e-05
2047-04-03 12:00:00,1.5571117e-05
2047-04-04 12:00:00,1.790376e-05
2047-04-05 12:00:00,5.738373e-06
2047-04-06 12:00:00,2.9367511e-06
2047-04-07 12:00:00,1.0022413e-05
2047-04-08 12:00:00,8.961142e-06
2047-04-09 12:00:00,1.4926845e-05
2047-04-10 12:00:00,1.8730334e-05
2047-04-11 12:00:00,1.4567166e-05
2047-04-12 12:00:00,1.8513136e-05
2047-04-13 12:00:00,2.7386952e-05
2047-04-14 12:00:00,1.4688441e-05
2047-04-15 12:00:00,1.6392285e-05
2047-04-16 12:00:00,1.38267205e-05
2047-04-17 12:00:00,2.323449e-05
2047-04-18 12:00:00,1.7598606e-05
2047-04-19 12:00:00,5.1595707e-06
2047-04-20 12:00:00,2.6897484e-05
2047-04-21 12:00:00,2.257526e-05
2047-04-22 12:00:00,2.1112675e-05
2047-04-23 12:00:00,1.4883946e-05
2047-04-24 12:00:00,1.560252e-05
2047-04-25 12:00:00,1.4791542e-05
2047-04-26 12:00:00,1.02679915e-05
2047-04-27 12:00:00,2.700869e-05
2047-04-28 12:00:00,1.8211576e-05
2047-04-29 12:00:00,8.236966e-06
2047-04-30 12:00:00,1.7131664e-05
2047-05-01 12:00:00,1.3593293e-05
2047-05-02 12:00:00,9.811236e-06
2047-05-03 12:00:00,1.4653007e-05
2047-05-04 12:00:00,1.4264166e-05
2047-05-05 12:00:00,1.430705e-05
2047-05-06 12:00:00,1.3842757e-05
2047-05-07 12:00:00,1.5162848e-05
2047-05-08 12:00:00,1.09002085e-05
2047-05-09 12:00:00,7.733775e-06
2047-05-10 12:00:00,1.424193e-05
2047-05-11 12:00:00,9.753945e-06
2047-05-12 12:00:00,8.579038e-06
2047-05-13 12:00:00,1.8834646e-05
2047-05-14 12:00:00,1.868738e-05
2047-05-15 12:00:00,2.068546e-05
2047-05-16 12:00:00,7.861003e-06
2047-05-17 12:00:00,9.002324e-06
2047-05-18 12:00:00,1.2015327e-05
2047-05-19 12:00:00,1.600795e-05
2047-05-20 12:00:00,1.5435304e-05
2047-05-21 12:00:00,1.585776e-05
2047-05-22 12:00:00,1.408867e-05
2047-05-23 12:00:00,1.2091419e-05
2047-05-24 12:00:00,1.4802645e-05
2047-05-25 12:00:00,1.9627783e-05
2047-05-26 12:00:00,1.7205239e-05
2047-05-27 12:00:00,1.7916242e-05
2047-05-28 12:00:00,2.1776825e-05
2047-05-29 12:00:00,1.4633573e-05
2047-05-30 12:00:00,1.3021478e-05
2047-06-01 12:00:00,1.47714745e-05
2047-06-02 12:00:00,1.527321e-05
2047-06-03 12:00:00,1.0056174e-05
2047-06-04 12:00:00,1.1539116e-05
2047-06-05 12:00:00,2.0384265e-05
2047-06-06 12:00:00,9.414711e-06
2047-06-07 12:00:00,9.591982e-06
2047-06-08 12:00:00,1.7480153e-05
2047-06-09 12:00:00,1.5441401e-05
2047-06-10 12:00:00,1.7890387e-05
2047-06-11 12:00:00,1.4869031e-05
2047-06-12 12:00:00,2.1170097e-05
2047-06-13 12:00:00,1.5524682e-05
2047-06-14 12:00:00,1.4408026e-05
2047-06-15 12:00:00,1.4364719e-05
2047-06-16 12:00:00,1.6662598e-05
2047-06-17 12:00:00,2.1045518e-05
2047-06-18 12:00:00,2.2252498e-05
2047-06-19 12:00:00,1.6908962e-05
2047-06-20 12:00:00,1.4555703e-05
2047-06-21 12:00:00,1.6559014e-05
2047-06-22 12:00:00,2.1456697e-05
2047-06-23 12:00:00,1.6836348e-05
2047-06-24 12:00:00,1.9499319e-05
2047-06-25 12:00:00,1.6151957e-05
2047-06-26 12:00:00,1.5323749e-05
2047-06-27 12:00:00,1.4902747e-05
2047-06-28 12:00:00,1.3959885e-05
2047-06-29 12:00:00,1.5757352e-05
2047-06-30 12:00:00,1.1855125e-05
2047-07-01 12:00:00,1.16252195e-05
2047-07-02 12:00:00,1.6633785e-05
2047-07-03 12:00:00,1.9737567e-05
2047-07-04 12:00:00,1.171483e-05
2047-07-05 12:00:00,1.9422587e-05
2047-07-06 12:00:00,2.7155387e-05
2047-07-07 12:00:00,2.6434092e-05
2047-07-08 12:00:00,2.4365858e-05
2047-07-09 12:00:00,2.1353568e-05
2047-07-10 12:00:00,2.1807326e-05
2047-07-11 12:00:00,1.9860148e-05
2047-07-12 12:00:00,1.7984363e-05
2047-07-13 12:00:00,1.0994234e-05
2047-07-14 12:00:00,1.1237731e-05
2047-07-15 12:00:00,2.02761e-05
2047-07-16 12:00:00,1.2540768e-05
2047-07-17 12:00:00,1.2184697e-05
2047-07-18 12:00:00,6.6977227e-06
2047-07-19 12:00:00,1.8972903e-05
2047-07-20 12:00:00,1.338897e-05
2047-07-21 12:00:00,1.0437943e-05
2047-07-22 12:00:00,1.5822792e-05
2047-07-23 12:00:00,1.7301252e-05
2047-07-24 12:00:00,9.271724e-06
2047-07-25 12:00:00,6.6004286e-06
2047-07-26 12:00:00,5.128866e-06
2047-07-27 12:00:00,6.963208e-06
2047-07-28 12:00:00,9.136915e-06
2047-07-29 12:00:00,7.2282564e-06
2047-07-30 12:00:00,1.052428e-05
2047-08-01 12:00:00,9.168973e-06
2047-08-02 12:00:00,2.8943927e-05
2047-08-03 12:00:00,1.0266202e-05
2047-08-04 12:00:00,4.987596e-06
2047-08-05 12:00:00,2.0289488e-05
2047-08-06 12:00:00,3.2457887e-05
2047-08-07 12:00:00,3.4652898e-05
2047-08-08 12:00:00,3.8176295e-05
2047-08-09 12:00:00,3.768134e-05
2047-08-10 12:00:00,2.474038e-05
2047-08-11 12:00:00,3.3697186e-05
2047-08-12 12:00:00,3.5040088e-05
2047-08-13 12:00:00,4.240703e-05
2047-08-14 12:00:00,3.724004e-05
2047-08-15 12:00:00,3.1933843e-05
2047-08-16 12:00:00,5.494131e-05
2047-08-17 12:00:00,4.6000816e-05
2047-08-18 12:00:00,3.4258876e-05
2047-08-19 12:00:00,2.2652457e-05
2047-08-20 12:00:00,2.5699948e-05
2047-08-21 12:00:00,1.6019272e-05
2047-08-22 12:00:00,2.567454e-05
2047-08-23 12:00:00,3.172501e-05
2047-08-24 12:00:00,2.5943678e-05
2047-08-25 12:00:00,3.2253956e-05
2047-08-26 12:00:00,1.7604412e-05
2047-08-27 12:00:00,1.0258445e-05
2047-08-28 12:00:00,1.7028608e-05
2047-08-29 12:00:00,8.47083e-06
2047-08-30 12:00:00,2.2880373e-05
2047-09-01 12:00:00,3.9319228e-05
2047-09-02 12:00:00,3.9264094e-05
2047-09-03 12:00:00,3.639581e-05
2047-09-04 12:00:00,1.7714017e-05
2047-09-05 12:00:00,2.8753231e-05
2047-09-06 12:00:00,3.462327e-05
2047-09-07 12:00:00,1.8085775e-05
2047-09-08 12:00:00,1.3217694e-05
2047-09-09 12:00:00,2.7861286e-05
2047-09-10 12:00:00,4.1411724e-05
2047-09-11 12:00:00,3.2940443e-05
2047-09-12 12:00:00,2.252245e-05
2047-09-13 12:00:00,2.1249507e-05
2047-09-14 12:00:00,1.6986887e-05
2047-09-15 12:00:00,1.7223894e-05
2047-09-16 12:00:00,7.843555e-06
2047-09-17 12:00:00,1.2404321e-05
2047-09-18 12:00:00,8.503796e-06
2047-09-19 12:00:00,2.484808e-05
2047-09-20 12:00:00,2.999809e-05
2047-09-21 12:00:00,1.4911828e-05
2047-09-22 12:00:00,2.0840525e-05
2047-09-23 12:00:00,2.6843554e-05
2047-09-24 12:00:00,2.6743714e-05
2047-09-25 12:00:00,2.9248346e-05
2047-09-26 12:00:00,5.4204895e-05
2047-09-27 12:00:00,4.594818e-05
2047-09-28 12:00:00,3.2422337e-05
2047-09-29 12:00:00,2.645007e-05
2047-09-30 12:00:00,1.5493482e-05
2047-10-01 12:00:00,1.43376965e-05
2047-10-02 12:00:00,2.313363e-05
2047-10-03 12:00:00,3.9198727e-05
2047-10-04 12:00:00,2.4991168e-05
2047-10-05 12:00:00,4.7709837e-05
2047-10-06 12:00:00,2.8237628e-05
2047-10-07 12:00:00,3.08217e-05
2047-10-08 12:00:00,6.249055e-05
2047-10-09 12:00:00,6.7162895e-05
2047-10-10 12:00:00,1.6689752e-05
2047-10-11 12:00:00,2.8722527e-05
2047-10-12 12:00:00,3.7726626e-05
2047-10-13 12:00:00,5.071574e-05
2047-10-14 12:00:00,3.3737582e-05
2047-10-15 12:00:00,2.5380286e-05
2047-10-16 12:00:00,3.3218617e-05
2047-10-17 12:00:00,5.587478e-05
2047-10-18 12:00:00,4.4971282e-05
2047-10-19 12:00:00,3.9379316e-05
2047-10-20 12:00:00,1.8465442e-05
2047-10-21 12:00:00,3.5264777e-05
2047-10-22 12:00:00,5.4627642e-05
2047-10-23 12:00:00,4.9343784e-05
2047-10-24 12:00:00,2.2899396e-05
2047-10-25 12:00:00,3.1896998e-05
2047-10-26 12:00:00,8.107956e-05
2047-10-27 12:00:00,5.64317e-05
2047-10-28 12:00:00,6.4738284e-05
2047-10-29 12:00:00,4.7708003e-05
2047-10-30 12:00:00,5.472949e-05
2047-11-01 12:00:00,4.429136e-05
2047-11-02 12:00:00,2.9096904e-05
2047-11-03 12:00:00,2.4854264e-05
2047-11-04 12:00:00,2.7810573e-05
2047-11-05 12:00:00,1.1496857e-05
2047-11-06 12:00:00,2.1705233e-05
2047-11-07 12:00:00,1.7430197e-05
2047-11-08 12:00:00,2.1658474e-05
2047-11-09 12:00:00,1.43599755e-05
2047-11-10 12:00:00,3.5365258e-05
2047-11-11 12:00:00,2.7602118e-05
2047-11-12 12:00:00,1.736614e-05
2047-11-13 12:00:00,1.3544661e-05
2047-11-14 12:00:00,2.3504239e-05
2047-11-15 12:00:00,2.5087662e-05
2047-11-16 12:00:00,1.8824547e-05
2047-11-17 12:00:00,2.7082686e-05
2047-11-18 12:00:00,2.7941453e-05
2047-11-19 12:00:00,7.4093987e-06
2047-11-20 12:00:00,8.044386e-06
2047-11-21 12:00:00,8.014933e-06
2047-11-22 12:00:00,5.599344e-06
2047-11-23 12:00:00,7.592884e-06
2047-11-24 12:00:00,1.10455e-05
2047-11-25 12:00:00,1.8704173e-05
2047-11-26 12:00:00,1.6793252e-05
2047-11-27 12:00:00,2.2245586e-05
2047-11-28 12:00:00,1.908411e-05
2047-11-29 12:00:00,3.1797943e-05
2047-11-30 12:00:00,2.8812792e-05
2047-12-01 12:00:00,1.6617012e-05
2047-12-02 12:00:00,1.9688785e-05
2047-12-03 12:00:00,2.098699e-05
2047-12-04 12:00:00,3.1884978e-05
2047-12-05 12:00:00,2.2695294e-05
2047-12-06 12:00:00,4.5584544e-05
2047-12-07 12:00:00,4.1198364e-05
2047-12-08 12:00:00,3.863132e-05
2047-12-09 12:00:00,2.3354092e-05
2047-12-10 12:00:00,4.5899156e-05
2047-12-11 12:00:00,4.538572e-05
2047-12-12 12:00:00,4.140135e-05
2047-12-13 12:00:00,2.1096144e-05
2047-12-14 12:00:00,2.404084e-05
2047-12-15 12:00:00,2.9387855e-05
2047-12-16 12:00:00,4.3413515e-05
2047-12-17 12:00:00,1.9617786e-05
2047-12-18 12:00:00,2.3394314e-05
2047-12-19 12:00:00,1.892347e-05
2047-12-20 12:00:00,1.3304336e-05
2047-12-21 12:00:00,8.0962345e-06
2047-12-22 12:00:00,1.7211234e-05
2047-12-23 12:00:00,2.5848072e-05
2047-12-24 12:00:00,1.5860845e-05
2047-12-25 12:00:00,1.0606251e-05
2047-12-26 12:00:00,1.6479196e-05
2047-12-27 12:00:00,1.6972452e-05
2047-12-28 12:00:00,1.7538856e-05
2047-12-29 12:00:00,2.9143703e-05
2047-12-30 12:00:00,1.5514088e-05
2048-01-01 12:00:00,1.7618266e-05
2048-01-02 12:00:00,1.5597354e-05
2048-01-03 12:00:00,4.0463083e-06
2048-01-04 12:00:00,2.2893793e-05
2048-01-05 12:00:00,1.9045256e-05
2048-01-06 12:00:00,2.9313807e-05
2048-01-07 12:00:00,1.2927063e-05
2048-01-08 12:00:00,1.17206555e-05
2048-01-09 12:00:00,1.876631e-05
2048-01-10 12:00:00,1.7359343e-05
2048-01-11 12:00:00,1.1159514e-05
2048-01-12 12:00:00,1.1269207e-05
2048-01-13 12:00:00,8.252056e-06
2048-01-14 12:00:00,1.21810735e-05
2048-01-15 12:00:00,1.5838712e-05
2048-01-16 12:00:00,9.1035445e-06
2048-01-17 12:00:00,1.6279935e-05
2048-01-18 12:00:00,1.713683e-05
2048-01-19 12:00:00,1.2933975e-05
2048-01-20 12:00:00,1.5316225e-05
2048-01-21 12:00:00,2.7154063e-05
2048-01-22 12:00:00,2.3496264e-05
2048-01-23 12:00:00,1.9333806e-05
2048-01-24 12:00:00,1.7744005e-05
2048-01-25 12:00:00,2.1686996e-05
2048-01-26 12:00:00,1.9524785e-05
2048-01-27 12:00:00,1.2142991e-05
2048-01-28 12:00:00,6.265788e-06
2048-01-29 12:00:00,1.642498e-05
2048-01-30 12:00:00,7.5628877e-06
2048-02-01 12:00:00,1.7874812e-05
2048-02-02 12:00:00,2.3824208e-05
2048-02-03 12:00:00,2.2649896e-05
2048-02-04 12:00:00,1.0940741e-05
2048-02-05 12:00:00,9.209485e-06
2048-02-06 12:00:00,3.3442557e-05
2048-02-07 12:00:00,1.28633255e-05
2048-02-08 12:00:00,4.665795e-06
2048-02-09 12:00:00,8.514384e-06
2048-02-10 12:00:00,1.1180324e-05
2048-02-11 12:00:00,1.8339546e-05
2048-02-12 12:00:00,7.952971e-06
2048-02-13 12:00:00,1.6087022e-05
2048-02-14 12:00:00,1.7852428e-05
2048-02-15 12:00:00,9.204799e-06
2048-02-16 12:00:00,1.6404581e-05
2048-02-17 12:00:00,2.524213e-05
2048-02-18 12:00:00,2.7823378e-05
2048-02-19 12:00:00,3.9415107e-05
2048-02-20 12:00:00,2.3120432e-05
2048-02-21 12:00:00,2.1465225e-05
2048-02-22 12:00:00,1.7061975e-05
2048-02-23 12:00:00,4.8694783e-06
2048-02-24 12:00:00,2.062507e-05
2048-02-25 12:00:00,2.3152155e-05
2048-02-26 12:00:00,2.4299748e-05
2048-02-27 12:00:00,2.6104943e-05
2048-02-28 12:00:00,2.6994443e-05
2048-02-29 12:00:00,2.862951e-05
2048-02-30 12:00:00,3.6573256e-05
2048-03-01 12:00:00,3.3783508e-05
2048-03-02 12:00:00,3.4116223e-05
2048-03-03 12:00:00,1.2968128e-05
2048-03-04 12:00:00,1.1794051e-05
2048-03-05 12:00:00,7.10928e-06
2048-03-06 12:00:00,1.903229e-05
2048-03-07 12:00:00,6.4489577e-06
2048-03-08 12:00:00,6.5761124e-06
2048-03-09 12:00:00,6.513408e-06
2048-03-10 12:00:00,2.0339263e-05
2048-03-11 12:00:00,2.0263964e-05
2048-03-12 12:00:00,2.603588e-05
2048-03-13 12:00:00,1.8596693e-05
2048-03-14 12:00:00,1.8058756e-05
2048-03-15 12:00:00,2.2437096e-05
2048-03-16 12:00:00,2.377003e-05
2048-03-17 12:00:00,2.5579357e-05
2048-03-18 12:00:00,2.3805726e-05
2048-03-19 12:00:00,1.6316233e-05
2048-03-20 12:00:00,1.4457342e-05
2048-03-21 12:00:00,1.9370087e-05
2048-03-22 12:00:00,1.5655834e-05
2048-03-23 12:00:00,1.4553138e-05
2048-03-24 12:00:00,7.500843e-06
2048-03-25 12:00:00,4.7983585e-06
2048-03-26 12:00:00,1.0960157e-05
2048-03-27 12:00:00,1.0359418e-05
2048-03-28 12:00:00,1.0900074e-05
2048-03-29 12:00:00,7.1274844e-06
2048-03-30 12:00:00,1.0488281e-05
2048-04-01 12:00:00,1.5904894e-05
2048-04-02 12:00:00,1.2815697e-05
2048-04-03 12:00:00,8.740564e-06
2048-04-04 12:00:00,1.6887629e-05
2048-04-05 12:00:00,1.25105125e-05
2048-04-06 12:00:00,7.1599934e-06
2048-04-07 12:00:00,1.28916145e-05
2048-04-08 12:00:00,1.6427963e-05
2048-04-09 12:00:00,2.7094502e-05
2048-04-10 12:00:00,1.7750059e-05
2048-04-11 12:00:00,1.4219011e-05
2048-04-12 12:00:00,1.823368e-05
2048-04-13 12:00:00,3.7943504e-05
2048-04-14 12:00:00,2.73455e-05
2048-04-15 12:00:00,1.5753598e-05
2048-04-16 12:00:00,1.5078214e-05
2048-04-17 12:00:00,1.6917296e-05
2048-04-18 12:00:00,1.2140967e-05
2048-04-19 12:00:00,8.333502e-06
2048-04-20 12:00:00,2.169366e-05
2048-04-21 12:00:00,1.1822718e-05
2048-04-22 12:00:00,1.373337e-05
2048-04-23 12:00:00,9.910975e-06
2048-04-24 12:00:00,1.7288054e-05
2048-04-25 12:00:00,7.0884125e-06
2048-04-26 12:00:00,2.6917696e-06
2048-04-27 12:00:00,1.0221818e-05
2048-04-28 12:00:00,1.1803975e-05
2048-04-29 12:00:00,1.6867794e-05
2048-04-30 12:00:00,1.5982703e-05
2048-05-01 12:00:00,2.1037995e-05
2048-05-02 12:00:00,1.9540661e-05
2048-05-03 12:00:00,2.043457e-05
2048-05-04 12:00:00,5.996204e-06
2048-05-05 12:00:00,1.0048927e-05
2048-05-06 12:00:00,1.13271235e-05
2048-05-07 12:00:00,1.1272612e-05
2048-05-08 12:00:00,9.812415e-06
2048-05-09 12:00:00,1.4785881e-05
2048-05-10 12:00:00,9.63005e-06
2048-05-11 12:00:00,2.4218076e-05
2048-05-12 12:00:00,2.3287997e-05
2048-05-13 12:00:00,2.2256863e-05
2048-05-14 12:00:00,1.2413555e-05
2048-05-15 12:00:00,1.0444492e-05
2048-05-16 12:00:00,6.910632e-06
2048-05-17 12:00:00,1.7640457e-05
2048-05-18 12:00:00,1.1103097e-05
2048-05-19 12:00:00,9.380034e-06
2048-05-20 12:00:00,1.4625155e-05
2048-05-21 12:00:00,1.5047277e-05
2048-05-22 12:00:00,1.362116e-05
2048-05-23 12:00:00,1.8320658e-05
2048-05-24 12:00:00,1.6645048e-05
2048-05-25 12:00:00,1.7527913e-05
2048-05-26 12:00:00,1.3854893e-05
2048-05-27 12:00:00,1.2011325e-05
2048-05-28 12:00:00,1.47963e-05
2048-05-29 12:00:00,1.5083846e-05
2048-05-30 12:00:00,1.4176374e-05
2048-06-01 12:00:00,9.545271e-06
2048-06-02 12:00:00,1.3962417e-05
2048-06-03 12:00:00,1.0776988e-05
2048-06-04 12:00:00,1.1896162e-05
2048-06-05 12:00:00,1.4824065e-05
2048-06-06 12:00:00,1.0241274e-05
2048-06-07 12:00:00,3.2356766e-06
2048-06-08 12:00:00,1.5420694e-05
2048-06-09 12:00:00,1.2594828e-05
2048-06-10 12:00:00,1.2882258e-05
2048-06-11 12:00:00,1.4385165e-05
2048-06-12 12:00:00,1.4996564e-05
2048-06-13 12:00:00,1.2722143e-05
2048-06-14 12:00:00,1.682018e-05
2048-06-15 12:00:00,1.517107e-05
2048-06-16 12:00:00,1.5454847e-05
2048-06-17 12:00:00,1.5472047e-05
2048-06-18 12:00:00,1.5843441e-05
2048-06-19 12:00:00,2.1602013e-05
2048-06-20 12:00:00,2.3738612e-05
2048-06-21 12:00:00,2.1732354e-05
2048-06-22 12:00:00,9.724477e-06
2048-06-23 12:00:00,1.3193043e-05
2048-06-24 12:00:00,1.028509e-05
2048-06-25 12:00:00,1.2894932e-05
2048-06-26 12:00:00,9.187061e-06
2048-06-27 12:00:00,1.5250596e-05
2048-06-28 12:00:00,1.588001e-05
2048-06-29 12:00:00,1.442706e-05
2048-06-30 12:00:00,1.5183192e-05
2048-07-01 12:00:00,1.1231998e-05
2048-07-02 12:00:00,1.6966791e-05
2048-07-03 12:00:00,1.41396595e-05
2048-07-04 12:00:00,9.275667e-06
2048-07-05 12:00:00,1.2719e-05
2048-07-06 12:00:00,1.33863505e-05
2048-07-07 12:00:00,1.3574361e-05
2048-07-08 12:00:00,1.3076715e-05
2048-07-09 12:00:00,1.22331985e-05
2048-07-10 12:00:00,1.1339143e-05
2048-07-11 12:00:00,1.20352925e-05
2048-07-12 12:00:00,1.4345656e-05
2048-07-13 12:00:00,2.8220631e-05
2048-07-14 12:00:00,2.372016e-05
2048-07-15 12:00:00,2.176741e-05
2048-07-16 12:00:00,2.5564252e-05
2048-07-17 12:00:00,4.3743887e-05
2048-07-18 12:00:00,3.3643868e-05
2048-07-19 12:00:00,2.2462074e-05
2048-07-20 12:00:00,1.4008561e-05
2048-07-21 12:00:00,1.4968595e-05
2048-07-22 12:00:00,1.3684199e-05
2048-07-23 12:00:00,1.5231606e-05
2048-07-24 12:00:00,1.9678846e-05
2048-07-25 12:00:00,9.783544e-06
2048-07-26 12:00:00,1.05609215e-05
2048-07-27 12:00:00,1.3211611e-05
2048-07-28 12:00:00,1.4950201e-05
2048-07-29 12:00:00,1.23874925e-05
2048-07-30 12:00:00,9.0486865e-06
2048-08-01 12:00:00,7.783761e-06
2048-08-02 12:00:00,9.322859e-06
2048-08-03 12:00:00,6.852031e-06
2048-08-04 12:00:00,8.6093205e-06
2048-08-05 12:00:00,9.873256e-06
2048-08-06 12:00:00,1.2090939e-05
2048-08-07 12:00:00,2.1582557e-05
2048-08-08 12:00:00,1.046469e-05
2048-08-09 12:00:00,2.3455112e-05
2048-08-10 12:00:00,9.58833e-06
2048-08-11 12:00:00,2.3872359e-05
2048-08-12 12:00:00,2.1294167e-05
2048-08-13 12:00:00,1.4084595e-05
2048-08-14 12:00:00,9.2172995e-06
2048-08-15 12:00:00,1.4372665e-05
2048-08-16 12:00:00,8.778181e-06
2048-08-17 12:00:00,1.937439e-05
2048-08-18 12:00:00,2.3799003e-05
2048-08-19 12:00:00,1.490867e-05
2048-08-20 12:00:00,2.9636241e-05
2048-08-21 12:00:00,3.304854e-05
2048-08-22 12:00:00,8.197501e-06
2048-08-23 12:00:00,2.7166054e-05
2048-08-24 12:00:00,2.6566035e-05
2048-08-25 12:00:00,1.3068129e-05
2048-08-26 12:00:00,1.0532283e-05
2048-08-27 12:00:00,1.610961e-05
2048-08-28 12:00:00,1.8874809e-05
2048-08-29 12:00:00,2.0848893e-05
2048-08-30 12:00:00,2.4180103e-05
2048-09-01 12:00:00,2.22557e-05
2048-09-02 12:00:00,1.5388956e-05
2048-09-03 12:00:00,1.3263212e-05
2048-09-04 12:00:00,6.750808e-06
2048-09-05 12:00:00,1.0098956e-05
2048-09-06 12:00:00,1.1992903e-05
2048-09-07 12:00:00,1.6460719e-05
2048-09-08 12:00:00,6.63448e-06
2048-09-09 12:00:00,3.6090496e-06
2048-09-10 12:00:00,3.7505364e-05
2048-09-11 12:00:00,5.003033e-05
2048-09-12 12:00:00,5.1011506e-05
2048-09-13 12:00:00,5.7947385e-05
2048-09-14 12:00:00,3.1811476e-05
2048-09-15 12:00:00,2.8042647e-05
2048-09-16 12:00:00,4.0045517e-05
2048-09-17 12:00:00,3.364183e-05
2048-09-18 12:00:00,2.5562942e-05
2048-09-19 12:00:00,1.0580727e-05
2048-09-20 12:00:00,6.3249463e-06
2048-09-21 12:00:00,6.5250642e-06
2048-09-22 12:00:00,7.3964766e-06
2048-09-23 12:00:00,7.6195283e-06
2048-09-24 12:00:00,1.8989092e-05
2048-09-25 12:00:00,2.098878e-05
2048-09-26 12:00:00,2.7607515e-05
2048-09-27 12:00:00,1.7706756e-05
2048-09-28 12:00:00,1.0809221e-05
2048-09-29 12:00:00,9.645126e-06
2048-09-30 12:00:00,1.2709032e-05
2048-10-01 12:00:00,1.1233657e-05
2048-10-02 12:00:00,8.173782e-06
2048-10-03 12:00:00,9.455689e-06
2048-10-04 12:00:00,5.976908e-06
2048-10-05 12:00:00,5.7530415e-06
2048-10-06 12:00:00,5.127862e-06
2048-10-07 12:00:00,6.5049826e-06
2048-10-08 12:00:00,7.599825e-06
2048-10-09 12:00:00,4.9989176e-06
2048-10-10 12:00:00,1.8736799e-05
2048-10-11 12:00:00,3.52184e-05
2048-10-12 12:00:00,4.014693e-05
2048-10-13 12:00:00,3.7683698e-05
2048-10-14 12:00:00,2.560037e-05
2048-10-15 12:00:00,2.4090667e-05
2048-10-16 12:00:00,1.4556368e-05
2048-10-17 12:00:00,1.7034734e-05
2048-10-18 12:00:00,2.903385e-05
2048-10-19 12:00:00,1.2070115e-05
2048-10-20 12:00:00,1.0042204e-05
2048-10-21 12:00:00,1.3698038e-05
2048-10-22 12:00:00,6.820381e-06
2048-10-23 12:00:00,7.5524586e-06
2048-10-24 12:00:00,1.5466518e-05
2048-10-25 12:00:00,1.5715355e-05
2048-10-26 12:00:00,2.0790336e-05
2048-10-27 12:00:00,3.6835314e-05
2048-10-28 12:00:00,3.0108815e-05
2048-10-29 12:00:00,3.0213312e-05
2048-10-30 12:00:00,3.9470062e-05
2048-11-01 12:00:00,4.015377e-05
2048-11-02 12:00:00,2.0527994e-05
2048-11-03 12:00:00,1.2957578e-05
2048-11-04 12:00:00,3.498848e-05
2048-11-05 12:00:00,2.7297578e-05
2048-11-06 12:00:00,2.6974474e-05
2048-11-07 12:00:00,4.3006607e-05
2048-11-08 12:00:00,1.7597187e-05
2048-11-09 12:00:00,2.591782e-05
2048-11-10 12:00:00,2.7008198e-05
2048-11-11 12:00:00,1.3327666e-05
2048-11-12 12:00:00,1.6546648e-05
2048-11-13 12:00:00,2.6006237e-05
2048-11-14 12:00:00,3.31791e-05
2048-11-15 12:00:00,2.2126784e-05
2048-11-16 12:00:00,2.3719113e-05
2048-11-17 12:00:00,2.5723784e-05
2048-11-18 12:00:00,3.1125586e-05
2048-11-19 12:00:00,2.982673e-05
2048-11-20 12:00:00,2.4948098e-05
2048-11-21 12:00:00,1.6714941e-05
2048-11-22 12:00:00,1.62894e-05
2048-11-23 12:00:00,2.600102e-05
2048-11-24 12:00:00,1.9978856e-05
2048-11-25 12:00:00,2.592857e-05
2048-11-26 12:00:00,2.6782844e-05
2048-11-27 12:00:00,3.1366595e-05
2048-11-28 12:00:00,2.4476409e-05
2048-11-29 12:00:00,1.9865169e-05
2048-11-30 12:00:00,1.4305566e-05
2048-12-01 12:00:00,2.3973917e-05
2048-12-02 12:00:00,1.2221004e-05
2048-12-03 12:00:00,1.105529e-05
2048-12-04 12:00:00,1.2117511e-05
2048-12-05 12:00:00,2.354478e-05
2048-12-06 12:00:00,1.1675345e-05
2048-12-07 12:00:00,1.779027e-05
2048-12-08 12:00:00,1.7330705e-05
2048-12-09 12:00:00,1.0630669e-05
2048-12-10 12:00:00,7.583687e-06
2048-12-11 12:00:00,1.2725199e-05
2048-12-12 12:00:00,6.963426e-06
2048-12-13 12:00:00,8.941148e-06
2048-12-14 12:00:00,1.7107537e-05
2048-12-15 12:00:00,2.2682021e-05
2048-12-16 12:00:00,7.2664407e-06
2048-12-17 12:00:00,2.0745487e-05
2048-12-18 12:00:00,9.769516e-06
2048-12-19 12:00:00,9.540978e-06
2048-12-20 12:00:00,2.5363479e-05
2048-12-21 12:00:00,2.0215637e-05
2048-12-22 12:00:00,1.6315083e-05
2048-12-23 12:00:00,8.366173e-06
2048-12-24 12:00:00,3.0072697e-06
2048-12-25 12:00:00,7.2443945e-06
2048-12-26 12:00:00,2.0458872e-05
2048-12-27 12:00:00,8.300432e-06
2048-12-28 12:00:00,8.442512e-06
2048-12-29 12:00:00,9.963958e-06
2048-12-30 12:00:00,1.5883314e-05
2049-01-01 12:00:00,7.503724e-06
2049-01-02 12:00:00,2.6724805e-05
2049-01-03 12:00:00,3.138717e-05
2049-01-04 12:00:00,5.942333e-06
2049-01-05 12:00:00,2.233349e-05
2049-01-06 12:00:00,3.4571873e-05
2049-01-07 12:00:00,3.488708e-05
2049-01-08 12:00:00,3.582827e-05
2049-01-09 12:00:00,2.2131178e-05
2049-01-10 12:00:00,3.7076883e-05
2049-01-11 12:00:00,3.886607e-05
2049-01-12 12:00:00,2.7840522e-05
2049-01-13 12:00:00,1.7077633e-05
2049-01-14 12:00:00,1.5315876e-05
2049-01-15 12:00:00,1.414158e-05
2049-01-16 12:00:00,3.9945837e-05
2049-01-17 12:00:00,3.8210725e-05
2049-01-18 12:00:00,3.126003e-05
2049-01-19 12:00:00,3.792612e-05
2049-01-20 12:00:00,2.9546369e-05
2049-01-21 12:00:00,2.7490969e-05
2049-01-22 12:00:00,1.3656361e-05
2049-01-23 12:00:00,1.2581149e-05
2049-01-24 12:00:00,2.4677702e-06
2049-01-25 12:00:00,8.233677e-06
2049-01-26 12:00:00,1.0916543e-05
2049-01-27 12:00:00,1.45309195e-05
2049-01-28 12:00:00,1.1542681e-05
2049-01-29 12:00:00,1.4457066e-05
2049-01-30 12:00:00,1.2174656e-05
2049-02-01 12:00:00,1.2199787e-05
2049-02-02 12:00:00,2.0861233e-05
2049-02-03 12:00:00,1.035085e-05
2049-02-04 12:00:00,1.1804819e-05
2049-02-05 12:00:00,1.0066142e-05
2049-02-06 12:00:00,1.9827348e-05
2049-02-07 12:00:00,1.2257762e-05
2049-02-08 12:00:00,1.9986197e-05
2049-02-09 12:00:00,2.2044933e-05
2049-02-10 12:00:00,2.1186963e-05
2049-02-11 12:00:00,1.2669276e-05
2049-02-12 12:00:00,1.8450024e-05
2049-02-13 12:00:00,1.3588258e-05
2049-02-14 12:00:00,1.2220276e-05
2049-02-15 12:00:00,2.0949417e-05
2049-02-16 12:00:00,1.1078373e-06
2049-02-17 12:00:00,7.221097e-06
2049-02-18 12:00:00,1.4543679e-05
2049-02-19 12:00:00,2.3045766e-05
2049-02-20 12:00:00,4.1069623e-05
2049-02-21 12:00:00,3.2832977e-05
2049-02-22 12:00:00,2.025938e-05
2049-02-23 12:00:00,1.3059078e-05
2049-02-24 12:00:00,9.065428e-06
2049-02-25 12:00:00,2.2402626e-05
2049-02-26 12:00:00,1.4255187e-05
2049-02-27 12:00:00,2.1512136e-05
2049-02-28 12:00:00,2.2668028e-05
2049-02-29 12:00:00,4.353875e-06
2049-02-30 12:00:00,3.6523998e-06
2049-03-01 12:00:00,1.1037595e-05
2049-03-02 12:00:00,1.8231054e-05
2049-03-03 12:00:00,2.4625022e-05
2049-03-04 12:00:00,9.227195e-06
2049-03-05 12:00:00,1.7907878e-06
2049-03-06 12:00:00,2.0535372e-06
2049-03-07 12:00:00,2.208224e-06
2049-03-08 12:00:00,3.0710362e-06
2049-03-09 12:00:00,9.141297e-06
2049-03-10 12:00:00,1.31428915e-05
2049-03-11 12:00:00,1.928512e-05
2049-03-12 12:00:00,1.6291946e-05
2049-03-13 12:00:00,1.24641665e-05
2049-03-14 12:00:00,1.5915459e-05
2049-03-15 12:00:00,1.7681363e-05
2049-03-16 12:00:00,2.2089967e-05
2049-03-17 12:00:00,2.6147798e-05
2049-03-18 12:00:00,2.3033164e-05
2049-03-19 12:00:00,1.9721061e-05
2049-03-20 12:00:00,1.9511132e-05
2049-03-21 12:00:00,9.203253e-06
2049-03-22 12:00:00,3.156952e-05
2049-03-23 12:00:00,1.8350343e-05
2049-03-24 12:00:00,2.2728127e-05
2049-03-25 12:00:00,1.100541e-05
2049-03-26 12:00:00,1.22480415e-05
2049-03-27 12:00:00,1.2968204e-05
2049-03-28 12:00:00,1.1036895e-05
2049-03-29 12:00:00,1.4164328e-05
2049-03-30 12:00:00,1.2208715e-05
2049-04-01 12:00:00,1.8677927e-05
2049-04-02 12:00:00,2.4193258e-05
2049-04-03 12:00:00,3.3151242e-05
2049-04-04 12:00:00,2.5102432e-05
2049-04-05 12:00:00,2.3036933e-05
2049-04-06 12:00:00,1.425948e-05
2049-04-07 12:00:00,1.3373618e-05
2049-04-08 12:00:00,1.1504573e-05
2049-04-09 12:00:00,1.610144e-05
2049-04-10 12:00:00,1.0405918e-05
2049-04-11 12:00:00,2.070803e-05
2049-04-12 12:00:00,1.25754505e-05
2049-04-13 12:00:00,4.9588525e-06
2049-04-14 12:00:00,1.314035e-05
2049-04-15 12:00:00,2.3726116e-05
2049-04-16 12:00:00,2.516553e-05
2049-04-17 12:00:00,3.2159667e-05
2049-04-18 12:00:00,2.6838607e-05
2049-04-19 12:00:00,3.9727907e-05
2049-04-20 12:00:00,7.1130344e-06
2049-04-21 12:00:00,1.0781412e-05
2049-04-22 12:00:00,4.6049327e-06
2049-04-23 12:00:00,7.2486e-06
2049-04-24 12:00:00,1.2091827e-05
2049-04-25 12:00:00,2.6344671e-05
2049-04-26 12:00:00,2.090873e-05
2049-04-27 12:00:00,1.19745655e-05
2049-04-28 12:00:00,5.5686933e-06
2049-04-29 12:00:00,3.2712498e-05
2049-04-30 12:00:00,3.0241674e-05
2049-05-01 12:00:00,2.867286e-05
2049-05-02 12:00:00,1.7360828e-05
2049-05-03 12:00:00,1.104151e-05
2049-05-04 12:00:00,1.2599223e-05
2049-05-05 12:00:00,7.897994e-06
2049-05-06 12:00:00,9.16062e-06
2049-05-07 12:00:00,1.0111122e-05
2049-05-08 12:00:00,7.642608e-06
2049-05-09 12:00:00,9.558091e-06
2049-05-10 12:00:00,1.6193102e-05
2049-05-11 12:00:00,1.3623546e-05
2049-05-12 12:00:00,1.3112105e-05
2049-05-13 12:00:00,2.879546e-05
2049-05-14 12:00:00,2.4296736e-05
2049-05-15 12:00:00,4.3318098e-05
2049-05-16 12:00:00,4.4851913e-05
2049-05-17 12:00:00,3.8571943e-05
2049-05-18 12:00:00,3.0981566e-05
2049-05-19 12:00:00,1.632981e-05
2049-05-20 12:00:00,9.156298e-06
2049-05-21 12:00:00,1.1067968e-05
2049-05-22 12:00:00,1.4153833e-05
2049-05-23 12:00:00,1.2971202e-05
2049-05-24 12:00:00,1.6721198e-05
2049-05-25 12:00:00,1.4135716e-05
2049-05-26 12:00:00,1.5276848e-05
2049-05-27 12:00:00,1.9247527e-05
2049-05-28 12:00:00,2.1731641e-05
2049-05-29 12:00:00,1.1115073e-05
2049-05-30 12:00:00,1.773017e-05
2049-06-01 12:00:00,1.7992148e-05
2049-06-02 12:00:00,1.8151215e-05
2049-06-03 12:00:00,1.7433034e-05
2049-06-04 12:00:00,1.2800214e-05
2049-06-05 12:00:00,2.4816341e-05
2049-06-06 12:00:00,2.3931276e-05
2049-06-07 12:00:00,1.9410752e-05
2049-06-08 12:00:00,2.0402247e-05
2049-06-09 12:00:00,2.2526001e-05
2049-06-10 12:00:00,1.0145479e-05
2049-06-11 12:00:00,1.4913734e-05
2049-06-12 12:00:00,1.4511796e-05
2049-06-13 12:00:00,1.4712365e-05
2049-06-14 12:00:00,1.2711462e-05
2049-06-15 12:00:00,1.5646816e-05
2049-06-16 12:00:00,1.7270671e-05
2049-06-17 12:00:00,1.9509665e-05
2049-06-18 12:00:00,1.5571699e-05
2049-06-19 12:00:00,1.681209e-05
2049-06-20 12:00:00,1.0616539e-05
2049-06-21 12:00:00,1.9349041e-05
2049-06-22 12:00:00,1.24168e-05
2049-06-23 12:00:00,1.7164086e-05
2049-06-24 12:00:00,1.8667735e-05
2049-06-25 12:00:00,2.5214322e-05
2049-06-26 12:00:00,2.16779e-05
2049-06-27 12:00:00,1.8422288e-05
2049-06-28 12:00:00,1.2291479e-05
2049-06-29 12:00:00,7.522249e-06
2049-06-30 12:00:00,1.6853868e-05
2049-07-01 12:00:00,1.116599e-05
2049-07-02 12:00:00,1.6906182e-05
2049-07-03 12:00:00,2.6010573e-05
2049-07-04 12:00:00,2.0963678e-05
2049-07-05 12:00:00,1.2194156e-05
2049-07-06 12:00:00,1.2189295e-05
2049-07-07 12:00:00,1.614049e-05
2049-07-08 12:00:00,1.5754791e-05
2049-07-09 12:00:00,8.974457e-06
2049-07-10 12:00:00,1.8323903e-05
2049-07-11 12:00:00,1.9118874e-05
2049-07-12 12:00:00,2.1487562e-05
2049-07-13 12:00:00,2.3880115e-05
2049-07-14 12:00:00,1.7801533e-05
2049-07-15 12:00:00,1.5359183e-05
2049-07-16 12:00:00,1.5834754e-05
2049-07-17 12:00:00,2.7365066e-05
2049-07-18 12:00:00,2.7788265e-05
2049-07-19 12:00:00,1.283329e-05
2049-07-20 12:00:00,2.3682282e-05
2049-07-21 12:00:00,3.2350377e-05
2049-07-22 12:00:00,2.8946597e-05
2049-07-23 12:00:00,3.968853e-05
2049-07-24 12:00:00,4.3502063e-05
2049-07-25 12:00:00,1.7654931e-05
2049-07-26 12:00:00,1.5964964e-05
2049-07-27 12:00:00,2.5174973e-05
2049-07-28 12:00:00,2.3911547e-05
2049-07-29 12:00:00,1.7163737e-05
2049-07-30 12:00:00,1.3180863e-05
2049-08-01 12:00:00,2.4876295e-05
2049-08-02 12:00:00,1.9207873e-05
2049-08-03 12:00:00,3.0016206e-05
2049-08-04 12:00:00,1.28347165e-05
2049-08-05 12:00:00,1.7701357e-05
2049-08-06 12:00:00,1.6311533e-05
2049-08-07 12:00:00,1.4150428e-05
2049-08-08 12:00:00,1.4919307e-05
2049-08-09 12:00:00,3.5483565e-05
2049-08-10 12:00:00,2.5103698e-05
2049-08-11 12:00:00,2.0065301e-05
2049-08-12 12:00:00,3.0085852e-05
2049-08-13 12:00:00,3.789591e-05
2049-08-14 12:00:00,2.3661923e-05
2049-08-15 12:00:00,4.88613e-05
2049-08-16 12:00:00,2.2979759e-05
2049-08-17 12:00:00,1.9582483e-05
2049-08-18 12:00:00,2.0986467e-05
2049-08-19 12:00:00,2.2296008e-05
2049-08-20 12:00:00,2.6346295e-05
2049-08-21 12:00:00,2.2637207e-05
2049-08-22 12:00:00,6.020302e-05
2049-08-23 12:00:00,5.3840027e-05
2049-08-24 12:00:00,5.7024663e-05
2049-08-25 12:00:00,4.1184016e-05
2049-08-26 12:00:00,2.0664811e-05
2049-08-27 12:00:00,1.669844e-05
2049-08-28 12:00:00,1.3645331e-05
2049-08-29 12:00:00,1.71516e-05
2049-08-30 12:00:00,1.020472e-05
2049-09-01 12:00:00,1.0403455e-05
2049-09-02 12:00:00,1.0462594e-05
2049-09-03 12:00:00,1.2136996e-05
2049-09-04 12:00:00,1.1751152e-05
2049-09-05 12:00:00,1.7306287e-05
2049-09-06 12:00:00,9.314967e-06
2049-09-07 12:00:00,2.9541028e-05
2049-09-08 12:00:00,4.4322645e-05
2049-09-09 12:00:00,2.1704633e-05
2049-09-10 12:00:00,4.2959786e-05
2049-09-11 12:00:00,2.6404101e-05
2049-09-12 12:00:00,9.504976e-06
2049-09-13 12:00:00,1.11290865e-05
2049-09-14 12:00:00,2.6407768e-05
2049-09-15 12:00:00,8.2534125e-06
2049-09-16 12:00:00,1.03405755e-05
2049-09-17 12:00:00,1.3194425e-05
2049-09-18 12:00:00,1.6756909e-05
2049-09-19 12:00:00,1.1776603e-05
2049-09-20 12:00:00,8.908598e-06
2049-09-21 12:00:00,1.1991913e-05
2049-09-22 12:00:00,1.209625e-05
2049-09-23 12:00:00,8.78032e-06
2049-09-24 12:00:00,1.4855075e-05
2049-09-25 12:00:00,1.6878228e-05
2049-09-26 12:00:00,2.4196197e-05
2049-09-27 12:00:00,1.8744468e-05
2049-09-28 12:00:00,1.1211974e-05
2049-09-29 12:00:00,7.1389277e-06
2049-09-30 12:00:00,2.9041097e-05
2049-10-01 12:00:00,4.6559508e-05
2049-10-02 12:00:00,1.742084e-05
2049-10-03 12:00:00,1.308159e-05
2049-10-04 12:00:00,1.7524188e-05
2049-10-05 12:00:00,1.8072897e-05
2049-10-06 12:00:00,2.260071e-05
2049-10-07 12:00:00,2.5666275e-05
2049-10-08 12:00:00,3.351916e-05
2049-10-09 12:00:00,5.4683944e-05
2049-10-10 12:00:00,3.6773024e-05
2049-10-11 12:00:00,2.4640132e-05
2049-10-12 12:00:00,1.4225356e-05
2049-10-13 12:00:00,2.3484812e-05
2049-10-14 12:00:00,3.5200617e-05
2049-10-15 12:00:00,3.5393183e-05
2049-10-16 12:00:00,3.0668303e-05
2049-10-17 12:00:00,1.907871e-05
2049-10-18 12:00:00,2.6047404e-05
2049-10-19 12:00:00,3.034767e-05
2049-10-20 12:00:00,2.02754e-05
2049-10-21 12:00:00,1.891837e-05
2049-10-22 12:00:00,1.3075935e-05
2049-10-23 12:00:00,1.4380115e-05
2049-10-24 12:00:00,3.42445e-05
2049-10-25 12:00:00,2.4035238e-05
2049-10-26 12:00:00,2.3639135e-05
2049-10-27 12:00:00,1.6815655e-05
2049-10-28 12:00:00,1.4347199e-05
2049-10-29 12:00:00,1.1662785e-05
2049-10-30 12:00:00,2.2804117e-05
2049-11-01 12:00:00,3.5740668e-05
2049-11-02 12:00:00,3.0031879e-05
2049-11-03 12:00:00,1.6966354e-05
2049-11-04 12:00:00,2.4912995e-05
2049-11-05 12:00:00,5.778343e-05
2049-11-06 12:00:00,0.00010747179
2049-11-07 12:00:00,5.209846e-05
2049-11-08 12:00:00,5.9354148e-05
2049-11-09 12:00:00,2.8722803e-05
2049-11-10 12:00:00,9.4036695e-06
2049-11-11 12:00:00,2.0093381e-05
2049-11-12 12:00:00,2.799747e-05
2049-11-13 12:00:00,2.1082276e-05
2049-11-14 12:00:00,4.585257e-05
2049-11-15 12:00:00,5.001388e-05
2049-11-16 12:00:00,3.6382193e-05
2049-11-17 12:00:00,3.480242e-05
2049-11-18 12:00:00,4.9056864e-05
2049-11-19 12:00:00,3.5045625e-05
2049-11-20 12:00:00,6.1282815e-05
2049-11-21 12:00:00,5.5847544e-05
2049-11-22 12:00:00,2.7609552e-05
2049-11-23 12:00:00,6.610671e-05
2049-11-24 12:00:00,5.1374358e-05
2049-11-25 12:00:00,3.4444638e-05
2049-11-26 12:00:00,2.8597222e-05
2049-11-27 12:00:00,1.575047e-05
2049-11-28 12:00:00,1.9586369e-05
2049-11-29 12:00:00,2.1914137e-05
2049-11-30 12:00:00,2.7585673e-05
2049-12-01 12:00:00,3.4193734e-05
2049-12-02 12:00:00,2.3717577e-05
2049-12-03 12:00:00,3.7602804e-05
2049-12-04 12:00:00,4.6786008e-05
2049-12-05 12:00:00,4.3528446e-05
2049-12-06 12:00:00,4.899018e-05
2049-12-07 12:00:00,3.0656345e-05
2049-12-08 12:00:00,2.321812e-05
2049-12-09 12:00:00,9.01903e-06
2049-12-10 12:00:00,2.0211592e-05
2049-12-11 12:00:00,1.5824993e-05
2049-12-12 12:00:00,1.9560088e-05
2049-12-13 12:00:00,1.7546146e-05
2049-12-14 12:00:00,1.4237364e-05
2049-12-15 12:00:00,2.6874943e-05
2049-12-16 12:00:00,4.3975182e-05
2049-12-17 12:00:00,2.5891022e-05
2049-12-18 12:00:00,4.6870045e-05
2049-12-19 12:00:00,4.9252078e-05
2049-12-20 12:00:00,3.2311626e-05
2049-12-21 12:00:00,1.5524653e-05
2049-12-22 12:00:00,9.57663e-06
2049-12-23 12:00:00,3.4724115e-05
2049-12-24 12:00:00,2.4873785e-05
2049-12-25 12:00:00,2.0954103e-05
2049-12-26 12:00:00,1.8965948e-05
2049-12-27 12:00:00,1.3147495e-05
2049-12-28 12:00:00,2.3445784e-05
2049-12-29 12:00:00,1.8811097e-05
2049-12-30 12:00:00,4.3398013e-05
2050-01-01 12:00:00,4.015489e-05
2050-01-02 12:00:00,1.5790778e-05
2050-01-03 12:00:00,5.041671e-05
2050-01-04 12:00:00,4.7514757e-05
2050-01-05 12:00:00,2.322188e-05
2050-01-06 12:00:00,2.0221545e-05
2050-01-07 12:00:00,2.657203e-05
2050-01-08 12:00:00,6.2330946e-06
2050-01-09 12:00:00,2.8686918e-06
2050-01-10 12:00:00,3.5956182e-06
2050-01-11 12:00:00,1.0285599e-05
2050-01-12 12:00:00,8.20632e-06
2050-01-13 12:00:00,3.1614865e-05
2050-01-14 12:00:00,2.1738422e-05
2050-01-15 12:00:00,1.25846855e-05
2050-01-16 12:00:00,2.0535972e-05
2050-01-17 12:00:00,2.6315276e-05
2050-01-18 12:00:00,3.038862e-06
2050-01-19 12:00:00,2.9676317e-05
2050-01-20 12:00:00,2.423962e-05
2050-01-21 12:00:00,3.2502023e-05
2050-01-22 12:00:00,2.4186433e-05
2050-01-23 12:00:00,1.44277e-05
2050-01-24 12:00:00,5.515403e-05
2050-01-25 12:00:00,3.957258e-05
2050-01-26 12:00:00,2.4141395e-05
2050-01-27 12:00:00,2.570782e-05
2050-01-28 12:00:00,2.2198175e-05
2050-01-29 12:00:00,8.720977e-06
2050-01-30 12:00:00,2.9652729e-06
2050-02-01 12:00:00,8.764502e-06
2050-02-02 12:00:00,7.5982825e-06
2050-02-03 12:00:00,5.652895e-06
2050-02-04 12:00:00,2.3015265e-05
2050-02-05 12:00:00,2.5361049e-05
2050-02-06 12:00:00,1.1773591e-05
2050-02-07 12:00:00,8.732008e-06
2050-02-08 12:00:00,6.4361666e-07
2050-02-09 12:00:00,1.3898054e-05
2050-02-10 12:00:00,1.2949429e-05
2050-02-11 12:00:00,3.3347653e-05
2050-02-12 12:00:00,4.2541404e-05
2050-02-13 12:00:00,3.220672e-05
2050-02-14 12:00:00,2.8295006e-05
2050-02-15 12:00:00,2.8184382e-05
2050-02-16 12:00:00,1.8395556e-05
2050-02-17 12:00:00,2.9609262e-05
2050-02-18 12:00:00,2.407339e-05
2050-02-19 12:00:00,1.8506777e-05
2050-02-20 12:00:00,1.2033488e-05
2050-02-21 12:00:00,1.1932541e-05
2050-02-22 12:00:00,1.7710385e-05
2050-02-23 12:00:00,1.8893781e-05
2050-02-24 12:00:00,6.3319458e-06
2050-02-25 12:00:00,3.8497994e-05
2050-02-26 12:00:00,5.1693176e-05
2050-02-27 12:00:00,5.0514267e-05
2050-02-28 12:00:00,4.7918278e-05
2050-02-29 12:00:00,2.5996429e-05
2050-02-30 12:00:00,6.21214e-06
2050-03-01 12:00:00,2.700073e-05
2050-03-02 12:00:00,3.379761e-05
2050-03-03 12:00:00,3.1097126e-05
2050-03-04 12:00:00,1.5979676e-05
2050-03-05 12:00:00,2.5971127e-05
2050-03-06 12:00:00,2.1735425e-05
2050-03-07 12:00:00,1.28700485e-05
2050-03-08 12:00:00,1.4946083e-05
2050-03-09 12:00:00,1.2828459e-05
2050-03-10 12:00:00,1.2015429e-05
2050-03-11 12:00:00,1.5796886e-05
2050-03-12 12:00:00,1.9894333e-05
2050-03-13 12:00:00,1.7048835e-05
2050-03-14 12:00:00,2.0197622e-05
2050-03-15 12:00:00,2.5537513e-05
2050-03-16 12:00:00,2.9140967e-05
2050-03-17 12:00:00,1.8916006e-05
2050-03-18 12:00:00,1.1589582e-05
2050-03-19 12:00:00,7.991834e-06
2050-03-20 12:00:00,1.0374896e-05
2050-03-21 12:00:00,1.3448836e-05
2050-03-22 12:00:00,1.3478595e-05
2050-03-23 12:00:00,1.37038005e-05
2050-03-24 12:00:00,1.6451813e-05
2050-03-25 12:00:00,2.787006e-05
2050-03-26 12:00:00,4.2885426e-05
2050-03-27 12:00:00,4.132792e-05
2050-03-28 12:00:00,2.9591465e-05
2050-03-29 12:00:00,2.6707508e-05
2050-03-30 12:00:00,2.4142544e-05
2050-04-01 12:00:00,9.862953e-06
2050-04-02 12:00:00,1.5704412e-05
2050-04-03 12:00:00,3.723934e-05
2050-04-04 12:00:00,3.9699364e-05
2050-04-05 12:00:00,2.7287344e-05
2050-04-06 12:00:00,1.4750825e-05
2050-04-07 12:00:00,1.697462e-05
2050-04-08 12:00:00,1.9959232e-05
2050-04-09 12:00:00,1.5874033e-05
2050-04-10 12:00:00,1.7848099e-05
2050-04-11 12:00:00,2.3544453e-05
2050-04-12 12:00:00,1.4863789e-05
2050-04-13 12:00:00,1.7322936e-05
2050-04-14 12:00:00,9.143172e-06
2050-04-15 12:00:00,3.448993e-06
2050-04-16 12:00:00,6.8973313e-06
2050-04-17 12:00:00,6.2429317e-06
2050-04-18 12:00:00,6.171307e-06
2050-04-19 12:00:00,8.240619e-06
2050-04-20 12:00:00,8.8153465e-06
2050-04-21 12:00:00,1.0388481e-05
2050-04-22 12:00:00,1.0105326e-05
2050-04-23 12:00:00,2.2117974e-05
2050-04-24 12:00:00,2.1899992e-05
2050-04-25 12:00:00,1.5791087e-05
2050-04-26 12:00:00,1.8907216e-05
2050-04-27 12:00:00,1.9628496e-05
2050-04-28 12:00:00,1.48976105e-05
2050-04-29 12:00:00,2.4764231e-05
2050-04-30 12:00:00,3.89067e-05
2050-05-01 12:00:00,1.8391293e-05
2050-05-02 12:00:00,1.5815749e-05
2050-05-03 12:00:00,1.2984645e-05
2050-05-04 12:00:00,1.4690813e-05
2050-05-05 12:00:00,1.3639277e-05
2050-05-06 12:00:00,1.4729521e-05
2050-05-07 12:00:00,1.2969336e-05
2050-05-08 12:00:00,3.1675285e-05
2050-05-09 12:00:00,5.701295e-05
2050-05-10 12:00:00,4.0804734e-05
2050-05-11 12:00:00,1.8932711e-05
2050-05-12 12:00:00,2.73489e-05
2050-05-13 12:00:00,1.8819905e-05
2050-05-14 12:00:00,1.8193838e-05
2050-05-15 12:00:00,1.7301485e-05
2050-05-16 12:00:00,2.1978922e-05
2050-05-17 12:00:00,1.9752935e-05
2050-05-18 12:00:00,1.6252825e-05
2050-05-19 12:00:00,1.5601545e-05
2050-05-20 12:00:00,7.235183e-06
2050-05-21 12:00:00,1.1859491e-05
2050-05-22 12:00:00,1.3147117e-05
2050-05-23 12:00:00,1.2921271e-05
2050-05-24 12:00:00,1.1815297e-05
2050-05-25 12:00:00,1.18675525e-05
2050-05-26 12:00:00,1.2072982e-05
2050-05-27 12:00:00,1.363644e-05
2050-05-28 12:00:00,1.3677709e-05
2050-05-29 12:00:00,1.7453567e-05
2050-05-30 12:00:00,1.9699102e-05
2050-06-01 12:00:00,1.6429403e-05
2050-06-02 12:00:00,1.3796831e-05
2050-06-03 12:00:00,1.3527504e-05
2050-06-04 12:00:00,1.6236838e-05
2050-06-05 12:00:00,1.077466e-05
2050-06-06 12:00:00,1.1975746e-05
2050-06-07 12:00:00,1.8470746e-05
2050-06-08 12:00:00,2.1041677e-05
2050-06-09 12:00:00,1.899137e-05
2050-06-10 12:00:00,1.43486395e-05
2050-06-11 12:00:00,1.5833954e-05
2050-06-12 12:00:00,1.3853074e-05
2050-06-13 12:00:00,1.4677789e-05
2050-06-14 12:00:00,1.3656798e-05
2050-06-15 12:00:00,1.4104226e-05
2050-06-16 12:00:00,1.5180194e-05
2050-06-17 12:00:00,1.36568415e-05
2050-06-18 12:00:00,1.3949233e-05
2050-06-19 12:00:00,1.3951751e-05
2050-06-20 12:00:00,1.21722405e-05
2050-06-21 12:00:00,1.5990387e-05
2050-06-22 12:00:00,1.627332e-05
2050-06-23 12:00:00,1.2447956e-05
2050-06-24 12:00:00,1.1735567e-05
2050-06-25 12:00:00,1.9101222e-05
2050-06-26 12:00:00,1.937832e-05
2050-06-27 12:00:00,1.4951933e-05
2050-06-28 12:00:00,1.596952e-05
2050-06-29 12:00:00,1.4337609e-05
2050-06-30 12:00:00,8.020172e-06
2050-07-01 12:00:00,1.1595112e-05
2050-07-02 12:00:00,1.1623721e-05
2050-07-03 12:00:00,1.44646765e-05
2050-07-04 12:00:00,1.0150368e-05
2050-07-05 12:00:00,8.892603e-06
2050-07-06 12:00:00,1.4101577e-05
2050-07-07 12:00:00,1.188746e-05
2050-07-08 12:00:00,1.0302669e-05
2050-07-09 12:00:00,1.25211955e-05
2050-07-10 12:00:00,9.082942e-06
2050-07-11 12:00:00,8.490315e-06
2050-07-12 12:00:00,8.946125e-06
2050-07-13 12:00:00,6.51108e-06
2050-07-14 12:00:00,9.97381e-06
2050-07-15 12:00:00,1.3517754e-05
2050-07-16 12:00:00,8.919364e-06
2050-07-17 12:00:00,5.509588e-06
2050-07-18 12:00:00,1.18808675e-05
2050-07-19 12:00:00,8.160991e-06
2050-07-20 12:00:00,6.927614e-06
2050-07-21 12:00:00,4.830523e-06
2050-07-22 12:00:00,6.5571367e-06
2050-07-23 12:00:00,7.826486e-06
2050-07-24 12:00:00,1.3107288e-05
2050-07-25 12:00:00,1.3861645e-05
2050-07-26 12:00:00,1.1900993e-05
2050-07-27 12:00:00,8.311754e-06
2050-07-28 12:00:00,8.43429e-06
2050-07-29 12:00:00,5.8559817e-06
2050-07-30 12:00:00,9.031763e-06
2050-08-01 12:00:00,6.384944e-06
2050-08-02 12:00:00,7.640861e-06
2050-08-03 12:00:00,1.4266523e-05
2050-08-04 12:00:00,2.1996719e-05
2050-08-05 12:00:00,3.100722e-05
2050-08-06 12:00:00,3.3200442e-05
2050-08-07 12:00:00,2.4002016e-05
2050-08-08 12:00:00,1.6856458e-05
2050-08-09 12:00:00,1.5045953e-05
2050-08-10 12:00:00,1.5284502e-05
2050-08-11 12:00:00,6.0254097e-06
2050-08-12 12:00:00,1.2570294e-05
2050-08-13 12:00:00,1.5120939e-05
2050-08-14 12:00:00,2.0393229e-05
2050-08-15 12:00:00,9.107156e-06
2050-08-16 12:00:00,2.3811852e-05
2050-08-17 12:00:00,2.8440088e-05
2050-08-18 12:00:00,2.7921735e-05
2050-08-19 12:00:00,1.7418002e-05
2050-08-20 12:00:00,1.9041545e-05
2050-08-21 12:00:00,1.4350997e-05
2050-08-22 12:00:00,3.0748764e-05
2050-08-23 12:00:00,2.2552864e-05
2050-08-24 12:00:00,1.1375843e-05
2050-08-25 12:00:00,1.4314181e-05
2050-08-26 12:00:00,1.6095582e-05
2050-08-27 12:00:00,1.611095e-05
2050-08-28 12:00:00,8.318122e-06
2050-08-29 12:00:00,1.3511628e-05
2050-08-30 12:00:00,3.3107295e-05
2050-09-01 12:00:00,2.4803143e-05
2050-09-02 12:00:00,1.1208409e-05
2050-09-03 12:00:00,1.0458185e-05
2050-09-04 12:00:00,1.3569719e-05
2050-09-05 12:00:00,9.809824e-06
2050-09-06 12:00:00,1.69454e-05
2050-09-07 12:00:00,7.716764e-06
2050-09-08 12:00:00,7.3238334e-06
2050-09-09 12:00:00,1.052297e-05
2050-09-10 12:00:00,1.3092096e-05
2050-09-11 12:00:00,4.269551e-05
2050-09-12 12:00:00,2.278261e-05
2050-09-13 12:00:00,1.8820589e-05
2050-09-14 12:00:00,3.7048692e-05
2050-09-15 12:00:00,2.7848757e-05
2050-09-16 12:00:00,2.1090655e-05
2050-09-17 12:00:00,5.039906e-05
2050-09-18 12:00:00,6.8931884e-05
2050-09-19 12:00:00,4.1164705e-05
2050-09-20 12:00:00,4.9715643e-05
2050-09-21 12:00:00,4.8179005e-05
2050-09-22 12:00:00,2.3757195e-05
2050-09-23 12:00:00,3.4396347e-05
2050-09-24 12:00:00,4.2610176e-05
2050-09-25 12:00:00,3.9794086e-05
2050-09-26 12:00:00,6.218506e-05
2050-09-27 12:00:00,6.321505e-05
2050-09-28 12:00:00,5.057887e-05
2050-09-29 12:00:00,5.5101817e-05
2050-09-30 12:00:00,5.3597283e-05
2050-10-01 12:00:00,4.8046117e-05
2050-10-02 12:00:00,2.5361267e-05
2050-10-03 12:00:00,2.14334e-05
2050-10-04 12:00:00,4.423433e-05
2050-10-05 12:00:00,4.761199e-05
2050-10-06 12:00:00,5.292162e-05
2050-10-07 12:00:00,5.624438e-05
2050-10-08 12:00:00,4.9280352e-05
2050-10-09 12:00:00,4.2055326e-05
2050-10-10 12:00:00,4.9358714e-05
2050-10-11 12:00:00,2.4522238e-05
2050-10-12 12:00:00,3.091697e-05
2050-10-13 12:00:00,3.804789e-05
2050-10-14 12:00:00,4.3628927e-05
2050-10-15 12:00:00,2.0796157e-05
2050-10-16 12:00:00,1.7544837e-05
2050-10-17 12:00:00,3.9972714e-05
2050-10-18 12:00:00,3.1102714e-05
2050-10-19 12:00:00,1.7397517e-05
2050-10-20 12:00:00,5.5875324e-05
2050-10-21 12:00:00,2.7813236e-05
2050-10-22 12:00:00,4.5993016e-05
2050-10-23 12:00:00,8.631458e-05
2050-10-24 12:00:00,4.1270658e-05
2050-10-25 12:00:00,3.0565338e-05
2050-10-26 12:00:00,2.5048721e-05
2050-10-27 12:00:00,4.114595e-05
2050-10-28 12:00:00,2.2305132e-05
2050-10-29 12:00:00,4.942459e-05
2050-10-30 12:00:00,4.183667e-05
2050-11-01 12:00:00,5.206959e-05
2050-11-02 12:00:00,1.681258e-05
2050-11-03 12:00:00,2.3423112e-05
2050-11-04 12:00:00,1.7915474e-05
2050-11-05 12:00:00,1.8813982e-05
2050-11-06 12:00:00,2.5353133e-05
2050-11-07 12:00:00,2.6736137e-05
2050-11-08 12:00:00,2.0118605e-05
2050-11-09 12:00:00,3.9204795e-05
2050-11-10 12:00:00,3.0482566e-05
2050-11-11 12:00:00,2.9856954e-05
2050-11-12 12:00:00,1.5072626e-05
2050-11-13 12:00:00,2.0300944e-05
2050-11-14 12:00:00,1.5754049e-05
2050-11-15 12:00:00,1.0659239e-05
2050-11-16 12:00:00,2.424742e-05
2050-11-17 12:00:00,3.8518e-05
2050-11-18 12:00:00,4.122604e-05
2050-11-19 12:00:00,3.5248595e-05
2050-11-20 12:00:00,2.9617746e-05
2050-11-21 12:00:00,2.7960428e-05
2050-11-22 12:00:00,3.8575196e-05
2050-11-23 12:00:00,5.6853896e-05
2050-11-24 12:00:00,4.3976772e-05
2050-11-25 12:00:00,3.2944772e-05
2050-11-26 12:00:00,2.717576e-05
2050-11-27 12:00:00,3.303898e-05
2050-11-28 12:00:00,3.2586395e-05
2050-11-29 12:00:00,2.5718182e-05
2050-11-30 12:00:00,2.0569947e-05
2050-12-01 12:00:00,1.55569e-05
2050-12-02 12:00:00,1.6438542e-05
2050-12-03 12:00:00,1.992556e-05
2050-12-04 12:00:00,1.9482366e-05
2050-12-05 12:00:00,2.5757821e-05
2050-12-06 12:00:00,2.334651e-05
2050-12-07 12:00:00,1.5117099e-05
2050-12-08 12:00:00,1.2939369e-05
2050-12-09 12:00:00,1.4850506e-05
2050-12-10 12:00:00,1.4865756e-05
2050-12-11 12:00:00,3.3278775e-06
2050-12-12 12:00:00,2.678312e-05
2050-12-13 12:00:00,2.4163906e-05
2050-12-14 12:00:00,1.7478873e-05
2050-12-15 12:00:00,1.3479148e-06
2050-12-16 12:00:00,1.2570526e-06
2050-12-17 12:00:00,2.0610169e-06
2050-12-18 12:00:00,1.966997e-06
2050-12-19 12:00:00,3.571913e-06
2050-12-20 12:00:00,6.113376e-06
2050-12-21 12:00:00,5.912909e-06
2050-12-22 12:00:00,6.474176e-06
2050-12-23 12:00:00,2.6612397e-06
2050-12-24 12:00:00,4.5842316e-06
2050-12-25 12:00:00,1.3317069e-05
2050-12-26 12:00:00,1.0190663e-05
2050-12-27 12:00:00,7.4143027e-06
2050-12-28 12:00:00,1.3604906e-05
2050-12-29 12:00:00,1.6451319e-05
2050-12-30 12:00:00,1.6349746e-05
