time,evspsbl
2056-01-01 12:00:00,5.4898643e-05
2056-01-02 12:00:00,6.9821224e-05
2056-01-03 12:00:00,9.6677715e-05
2056-01-04 12:00:00,9.858189e-05
2056-01-05 12:00:00,9.091681e-05
2056-01-06 12:00:00,0.00010427093
2056-01-07 12:00:00,7.581375e-05
2056-01-08 12:00:00,0.00011963695
2056-01-09 12:00:00,0.00012962159
2056-01-10 12:00:00,4.552728e-05
2056-01-11 12:00:00,4.2591546e-05
2056-01-12 12:00:00,3.1514945e-05
2056-01-13 12:00:00,6.4042906e-05
2056-01-14 12:00:00,9.403268e-05
2056-01-15 12:00:00,0.000109583256
2056-01-16 12:00:00,0.00017807313
2056-01-17 12:00:00,8.350621e-05
2056-01-18 12:00:00,7.339071e-05
2056-01-19 12:00:00,4.028188e-05
2056-01-20 12:00:00,8.171665e-05
2056-01-21 12:00:00,0.00013187014
2056-01-22 12:00:00,8.822426e-05
2056-01-23 12:00:00,6.482739e-05
2056-01-24 12:00:00,7.950413e-05
2056-01-25 12:00:00,4.9554445e-05
2056-01-26 12:00:00,4.744364e-05
2056-01-27 12:00:00,9.783167e-05
2056-01-28 12:00:00,7.939957e-05
2056-01-29 12:00:00,6.882577e-05
2056-01-30 12:00:00,7.6192395e-05
2056-02-01 12:00:00,6.873781e-05
2056-02-02 12:00:00,8.2760234e-05
2056-02-03 12:00:00,0.000111558074
2056-02-04 12:00:00,0.00020419645
2056-02-05 12:00:00,7.345004e-05
2056-02-06 12:00:00,5.723737e-05
2056-02-07 12:00:00,4.778078e-05
2056-02-08 12:00:00,9.071159e-05
2056-02-09 12:00:00,9.3544004e-05
2056-02-10 12:00:00,6.6869856e-05
2056-02-11 12:00:00,8.2182894e-05
2056-02-12 12:00:00,0.00010501426
2056-02-13 12:00:00,5.1377556e-05
2056-02-14 12:00:00,9.83795e-05
2056-02-15 12:00:00,8.830673e-05
2056-02-16 12:00:00,7.102417e-05
2056-02-17 12:00:00,8.1302336e-05
2056-02-18 12:00:00,6.171046e-05
2056-02-19 12:00:00,3.912793e-05
2056-02-20 12:00:00,5.7607536e-05
2056-02-21 12:00:00,7.227649e-05
2056-02-22 12:00:00,6.435074e-05
2056-02-23 12:00:00,6.662172e-05
2056-02-24 12:00:00,6.4083884e-05
2056-02-25 12:00:00,0.00013779849
2056-02-26 12:00:00,0.00010374587
2056-02-27 12:00:00,0.00012732358
2056-02-28 12:00:00,9.6379255e-05
2056-02-29 12:00:00,0.00014782975
2056-02-30 12:00:00,0.00010199111
2056-03-01 12:00:00,0.0001150925
2056-03-02 12:00:00,5.9330334e-05
2056-03-03 12:00:00,0.00010612141
2056-03-04 12:00:00,0.00010690307
2056-03-05 12:00:00,7.999933e-05
2056-03-06 12:00:00,8.9302266e-05
2056-03-07 12:00:00,0.00011748747
2056-03-08 12:00:00,4.7253256e-05
2056-03-09 12:00:00,5.2280546e-05
2056-03-10 12:00:00,2.4953828e-05
2056-03-11 12:00:00,1.1713443e-05
2056-03-12 12:00:00,2.7030193e-05
2056-03-13 12:00:00,4.559492e-05
2056-03-14 12:00:00,2.85559e-05
2056-03-15 12:00:00,2.2184104e-05
2056-03-16 12:00:00,6.3164116e-05
2056-03-17 12:00:00,0.000110402885
2056-03-18 12:00:00,0.00011181504
2056-03-19 12:00:00,9.8407225e-05
2056-03-20 12:00:00,0.00012702265
2056-03-21 12:00:00,5.4081756e-05
2056-03-22 12:00:00,2.7723023e-05
2056-03-23 12:00:00,4.4787474e-05
2056-03-24 12:00:00,2.3088862e-05
2056-03-25 12:00:00,3.8101847e-05
2056-03-26 12:00:00,8.640733e-05
2056-03-27 12:00:00,0.000114390314
2056-03-28 12:00:00,0.00012021692
2056-03-29 12:00:00,4.892431e-05
2056-03-30 12:00:00,2.6129323e-05
2056-04-01 12:00:00,2.5799167e-05
2056-04-02 12:00:00,2.5755347e-05
2056-04-03 12:00:00,1.981987e-05
2056-04-04 12:00:00,3.5201083e-05
2056-04-05 12:00:00,1.9637082e-05
2056-04-06 12:00:00,2.2362477e-05
2056-04-07 12:00:00,2.7070108e-05
2056-04-08 12:00:00,3.1140717e-05
2056-04-09 12:00:00,6.373491e-05
2056-04-10 12:00:00,5.7819994e-05
2056-04-11 12:00:00,4.2099873e-05
2056-04-12 12:00:00,2.137719e-05
2056-04-13 12:00:00,1.9311596e-05
2056-04-14 12:00:00,1.508469e-05
2056-04-15 12:00:00,1.1442352e-05
2056-04-16 12:00:00,1.8325247e-05
2056-04-17 12:00:00,1.6043841e-05
2056-04-18 12:00:00,6.0240563e-06
2056-04-19 12:00:00,2.1112808e-05
2056-04-20 12:00:00,1.943787e-05
2056-04-21 12:00:00,1.409887e-05
2056-04-22 12:00:00,9.4323905e-06
2056-04-23 12:00:00,2.3205952e-05
2056-04-24 12:00:00,3.6744095e-05
2056-04-25 12:00:00,5.26576e-05
2056-04-26 12:00:00,1.2198582e-05
2056-04-27 12:00:00,4.0435884e-06
2056-04-28 12:00:00,5.264294e-06
2056-04-29 12:00:00,3.591475e-06
2056-04-30 12:00:00,6.0752723e-06
2056-05-01 12:00:00,1.2751637e-05
2056-05-02 12:00:00,8.753698e-05
2056-05-03 12:00:00,4.2630047e-05
2056-05-04 12:00:00,1.538086e-05
2056-05-05 12:00:00,8.346436e-06
2056-05-06 12:00:00,4.131185e-06
2056-05-07 12:00:00,4.968831e-06
2056-05-08 12:00:00,9.047564e-06
2056-05-09 12:00:00,1.0394544e-05
2056-05-10 12:00:00,3.1404213e-06
2056-05-11 12:00:00,1.451372e-05
2056-05-12 12:00:00,1.5817961e-05
2056-05-13 12:00:00,2.3442957e-05
2056-05-14 12:00:00,4.9681952e-05
2056-05-15 12:00:00,7.2290975e-05
2056-05-16 12:00:00,0.000139537
2056-05-17 12:00:00,0.00016157451
2056-05-18 12:00:00,0.0001105606
2056-05-19 12:00:00,8.169299e-05
2056-05-20 12:00:00,3.6066103e-05
2056-05-21 12:00:00,2.9834533e-05
2056-05-22 12:00:00,3.1634685e-05
2056-05-23 12:00:00,3.0630676e-05
2056-05-24 12:00:00,2.1571455e-05
2056-05-25 12:00:00,1.9443698e-05
2056-05-26 12:00:00,2.1870981e-05
2056-05-27 12:00:00,1.3184754e-05
2056-05-28 12:00:00,1.5174052e-05
2056-05-29 12:00:00,1.1737991e-05
2056-05-30 12:00:00,1.2981303e-05
2056-06-01 12:00:00,1.2756483e-05
2056-06-02 12:00:00,1.7603985e-05
2056-06-03 12:00:00,3.502589e-05
2056-06-04 12:00:00,5.0800227e-05
2056-06-05 12:00:00,5.5436332e-05
2056-06-06 12:00:00,4.4407592e-05
2056-06-07 12:00:00,4.4321056e-05
2056-06-08 12:00:00,3.5478177e-05
2056-06-09 12:00:00,4.9060473e-05
2056-06-10 12:00:00,7.057842e-05
2056-06-11 12:00:00,0.00015726178
2056-06-12 12:00:00,0.00013953577
2056-06-13 12:00:00,5.8251797e-05
2056-06-14 12:00:00,3.378611e-05
2056-06-15 12:00:00,4.7490794e-05
2056-06-16 12:00:00,1.907141e-05
2056-06-17 12:00:00,6.89275e-05
2056-06-18 12:00:00,9.844202e-05
2056-06-19 12:00:00,8.374551e-05
2056-06-20 12:00:00,5.7703786e-05
2056-06-21 12:00:00,0.0001233365
2056-06-22 12:00:00,0.0001134211
2056-06-23 12:00:00,9.959773e-05
2056-06-24 12:00:00,0.00015774799
2056-06-25 12:00:00,0.00021113691
2056-06-26 12:00:00,0.00016024309
2056-06-27 12:00:00,0.00012204234
2056-06-28 12:00:00,8.375964e-05
2056-06-29 12:00:00,4.6135337e-05
2056-06-30 12:00:00,3.0277462e-05
2056-07-01 12:00:00,6.264666e-05
2056-07-02 12:00:00,7.619981e-05
2056-07-03 12:00:00,0.00011435888
2056-07-04 12:00:00,0.00011707156
2056-07-05 12:00:00,0.0001213435
2056-07-06 12:00:00,0.00013854871
2056-07-07 12:00:00,6.6529356e-05
2056-07-08 12:00:00,2.039296e-05
2056-07-09 12:00:00,1.7341546e-05
2056-07-10 12:00:00,3.9977236e-05
2056-07-11 12:00:00,8.7792105e-05
2056-07-12 12:00:00,8.783925e-05
2056-07-13 12:00:00,0.00011989674
2056-07-14 12:00:00,8.743783e-05
2056-07-15 12:00:00,6.877491e-05
2056-07-16 12:00:00,7.1326525e-05
2056-07-17 12:00:00,2.3580535e-05
2056-07-18 12:00:00,9.5734995e-06
2056-07-19 12:00:00,3.1000844e-05
2056-07-20 12:00:00,2.1054351e-05
2056-07-21 12:00:00,1.8895511e-05
2056-07-22 12:00:00,6.052667e-05
2056-07-23 12:00:00,0.00012404859
2056-07-24 12:00:00,0.00012964066
2056-07-25 12:00:00,5.0676248e-05
2056-07-26 12:00:00,4.3798475e-05
2056-07-27 12:00:00,5.9385082e-05
2056-07-28 12:00:00,9.6065596e-05
2056-07-29 12:00:00,8.481928e-05
2056-07-30 12:00:00,7.30276e-05
2056-08-01 12:00:00,7.294848e-05
2056-08-02 12:00:00,0.00011339849
2056-08-03 12:00:00,0.00015152754
2056-08-04 12:00:00,0.000102913706
2056-08-05 12:00:00,0.00012194538
2056-08-06 12:00:00,0.00011669468
2056-08-07 12:00:00,9.6371485e-05
2056-08-08 12:00:00,8.570779e-05
2056-08-09 12:00:00,9.3406605e-05
2056-08-10 12:00:00,0.000104104736
2056-08-11 12:00:00,6.835953e-05
2056-08-12 12:00:00,7.046186e-05
2056-08-13 12:00:00,0.0001068485
2056-08-14 12:00:00,9.743324e-05
2056-08-15 12:00:00,8.991968e-05
2056-08-16 12:00:00,0.00014291302
2056-08-17 12:00:00,0.00016786119
2056-08-18 12:00:00,0.00016408604
2056-08-19 12:00:00,0.00013549835
2056-08-20 12:00:00,0.000113254384
2056-08-21 12:00:00,0.00012001347
2056-08-22 12:00:00,0.0001548375
2056-08-23 12:00:00,0.00013261048
2056-08-24 12:00:00,0.00011057561
2056-08-25 12:00:00,4.594884e-05
2056-08-26 12:00:00,9.093129e-06
2056-08-27 12:00:00,4.1057538e-05
2056-08-28 12:00:00,0.0002004416
2056-08-29 12:00:00,0.00023351934
2056-08-30 12:00:00,0.00016203459
2056-09-01 12:00:00,7.325295e-05
2056-09-02 12:00:00,5.670013e-05
2056-09-03 12:00:00,6.601737e-05
2056-09-04 12:00:00,3.6755046e-05
2056-09-05 12:00:00,6.767836e-05
2056-09-06 12:00:00,0.000103052516
2056-09-07 12:00:00,0.000119181124
2056-09-08 12:00:00,0.00011714432
2056-09-09 12:00:00,9.499113e-05
2056-09-10 12:00:00,9.529736e-05
2056-09-11 12:00:00,5.6609355e-05
2056-09-12 12:00:00,5.017345e-05
2056-09-13 12:00:00,2.1310783e-05
2056-09-14 12:00:00,3.0862207e-05
2056-09-15 12:00:00,4.377022e-05
2056-09-16 12:00:00,2.7505443e-05
2056-09-17 12:00:00,1.638063e-05
2056-09-18 12:00:00,6.6460657e-06
2056-09-19 12:00:00,1.5936994e-05
2056-09-20 12:00:00,5.9252274e-05
2056-09-21 12:00:00,7.449132e-05
2056-09-22 12:00:00,7.065118e-05
2056-09-23 12:00:00,3.046396e-05
2056-09-24 12:00:00,1.3012386e-05
2056-09-25 12:00:00,4.7110207e-05
2056-09-26 12:00:00,7.8173216e-05
2056-09-27 12:00:00,6.889076e-05
2056-09-28 12:00:00,7.984321e-05
2056-09-29 12:00:00,0.00018400728
2056-09-30 12:00:00,0.00016026004
2056-10-01 12:00:00,9.8627635e-05
2056-10-02 12:00:00,8.422729e-05
2056-10-03 12:00:00,6.617137e-05
2056-10-04 12:00:00,7.435515e-05
2056-10-05 12:00:00,0.00011724039
2056-10-06 12:00:00,0.00016672154
2056-10-07 12:00:00,0.00010604229
2056-10-08 12:00:00,3.4715766e-05
2056-10-09 12:00:00,2.8987879e-05
2056-10-10 12:00:00,4.342036e-05
2056-10-11 12:00:00,0.00013189753
2056-10-12 12:00:00,0.00015792635
2056-10-13 12:00:00,8.595928e-05
2056-10-14 12:00:00,1.8842351e-05
2056-10-15 12:00:00,9.82451e-05
2056-10-16 12:00:00,0.00014963573
2056-10-17 12:00:00,0.00012980455
2056-10-18 12:00:00,8.1643186e-05
2056-10-19 12:00:00,5.5578854e-05
2056-10-20 12:00:00,5.850346e-05
2056-10-21 12:00:00,8.012861e-05
2056-10-22 12:00:00,8.62067e-05
2056-10-23 12:00:00,3.713263e-05
2056-10-24 12:00:00,3.0495043e-05
2056-10-25 12:00:00,9.305057e-06
2056-10-26 12:00:00,1.40607235e-05
2056-10-27 12:00:00,1.2382253e-05
2056-10-28 12:00:00,2.948909e-05
2056-10-29 12:00:00,2.1531896e-05
2056-10-30 12:00:00,9.525462e-06
2056-11-01 12:00:00,8.393236e-06
2056-11-02 12:00:00,5.4186487e-05
2056-11-03 12:00:00,3.560145e-05
2056-11-04 12:00:00,2.2665712e-05
2056-11-05 12:00:00,2.1907892e-05
2056-11-06 12:00:00,3.285698e-05
2056-11-07 12:00:00,4.6756817e-05
2056-11-08 12:00:00,0.00016678106
2056-11-09 12:00:00,0.00014969612
2056-11-10 12:00:00,0.00010992534
2056-11-11 12:00:00,3.82313e-05
2056-11-12 12:00:00,1.9817575e-05
2056-11-13 12:00:00,3.0316669e-05
2056-11-14 12:00:00,2.6648548e-05
2056-11-15 12:00:00,1.9427804e-05
2056-11-16 12:00:00,2.0919424e-05
2056-11-17 12:00:00,1.766986e-05
2056-11-18 12:00:00,1.6514497e-05
2056-11-19 12:00:00,9.123187e-05
2056-11-20 12:00:00,6.180583e-05
2056-11-21 12:00:00,5.4465523e-05
2056-11-22 12:00:00,4.7110207e-05
2056-11-23 12:00:00,3.204918e-05
2056-11-24 12:00:00,2.806776e-05
2056-11-25 12:00:00,8.8648114e-05
2056-11-26 12:00:00,6.585595e-05
2056-11-27 12:00:00,4.1823307e-05
2056-11-28 12:00:00,6.873535e-05
2056-11-29 12:00:00,3.1481213e-05
2056-11-30 12:00:00,2.3012566e-05
2056-12-01 12:00:00,1.4783398e-05
2056-12-02 12:00:00,2.0115864e-05
2056-12-03 12:00:00,3.091925e-05
2056-12-04 12:00:00,3.4039538e-05
2056-12-05 12:00:00,4.358902e-05
2056-12-06 12:00:00,3.4338358e-05
2056-12-07 12:00:00,2.680661e-05
2056-12-08 12:00:00,3.0047344e-05
2056-12-09 12:00:00,3.6523692e-05
2056-12-10 12:00:00,2.4444142e-05
2056-12-11 12:00:00,2.4390805e-05
2056-12-12 12:00:00,2.8599521e-05
2056-12-13 12:00:00,2.2064718e-05
2056-12-14 12:00:00,3.9370592e-05
2056-12-15 12:00:00,6.540384e-05
2056-12-16 12:00:00,6.553859e-05
2056-12-17 12:00:00,4.7172372e-05
2056-12-18 12:00:00,6.462483e-05
2056-12-19 12:00:00,7.316323e-05
2056-12-20 12:00:00,8.854639e-05
2056-12-21 12:00:00,0.000106503765
2056-12-22 12:00:00,0.00014382854
2056-12-23 12:00:00,9.1496426e-05
2056-12-24 12:00:00,5.2332114e-05
2056-12-25 12:00:00,4.5355442e-05
2056-12-26 12:00:00,7.4036376e-05
2056-12-27 12:00:00,0.00010485355
2056-12-28 12:00:00,8.955234e-05
2056-12-29 12:00:00,0.00012825041
2056-12-30 12:00:00,8.262371e-05
2057-01-01 12:00:00,6.5782384e-05
2057-01-02 12:00:00,0.00011034135
2057-01-03 12:00:00,7.8643694e-05
2057-01-04 12:00:00,5.5618944e-05
2057-01-05 12:00:00,3.416705e-05
2057-01-06 12:00:00,7.3302224e-05
2057-01-07 12:00:00,0.000111554014
2057-01-08 12:00:00,0.00015325334
2057-01-09 12:00:00,0.00014269208
2057-01-10 12:00:00,9.155489e-05
2057-01-11 12:00:00,5.95654e-05
2057-01-12 12:00:00,6.424936e-05
2057-01-13 12:00:00,6.819723e-05
2057-01-14 12:00:00,7.925511e-05
2057-01-15 12:00:00,7.758335e-05
2057-01-16 12:00:00,9.3909934e-05
2057-01-17 12:00:00,9.210943e-05
2057-01-18 12:00:00,7.7471734e-05
2057-01-19 12:00:00,5.001097e-05
2057-01-20 12:00:00,5.0296367e-05
2057-01-21 12:00:00,7.874507e-05
2057-01-22 12:00:00,8.1073274e-05
2057-01-23 12:00:00,6.581604e-05
2057-01-24 12:00:00,7.9326106e-05
2057-01-25 12:00:00,0.000108645654
2057-01-26 12:00:00,4.1020805e-05
2057-01-27 12:00:00,4.9534665e-05
2057-01-28 12:00:00,7.941088e-05
2057-01-29 12:00:00,8.975579e-05
2057-01-30 12:00:00,5.9981307e-05
2057-02-01 12:00:00,3.6605692e-05
2057-02-02 12:00:00,4.9146427e-05
2057-02-03 12:00:00,7.468488e-05
2057-02-04 12:00:00,8.376423e-05
2057-02-05 12:00:00,9.4776544e-05
2057-02-06 12:00:00,0.00010770292
2057-02-07 12:00:00,4.3430075e-05
2057-02-08 12:00:00,6.943577e-05
2057-02-09 12:00:00,4.1606785e-05
2057-02-10 12:00:00,3.8046925e-05
2057-02-11 12:00:00,7.3427436e-05
2057-02-12 12:00:00,0.000119536104
2057-02-13 12:00:00,0.00011756623
2057-02-14 12:00:00,0.00011239166
2057-02-15 12:00:00,4.1769086e-05
2057-02-16 12:00:00,6.929184e-05
2057-02-17 12:00:00,5.52516e-05
2057-02-18 12:00:00,4.8162077e-05
2057-02-19 12:00:00,8.9222616e-05
2057-02-20 12:00:00,3.0004252e-05
2057-02-21 12:00:00,1.5376621e-05
2057-02-22 12:00:00,2.6632828e-05
2057-02-23 12:00:00,0.00013959651
2057-02-24 12:00:00,0.00020273308
2057-02-25 12:00:00,0.00013031601
2057-02-26 12:00:00,4.2453437e-05
2057-02-27 12:00:00,0.00016347005
2057-02-28 12:00:00,0.00016561193
2057-02-29 12:00:00,0.000107043474
2057-02-30 12:00:00,0.0001142236
2057-03-01 12:00:00,0.000119312346
2057-03-02 12:00:00,8.229186e-05
2057-03-03 12:00:00,5.736276e-05
2057-03-04 12:00:00,2.7068165e-05
2057-03-05 12:00:00,2.5084693e-05
2057-03-06 12:00:00,2.3808003e-05
2057-03-07 12:00:00,1.1538249e-05
2057-03-08 12:00:00,9.8369965e-06
2057-03-09 12:00:00,1.5778578e-05
2057-03-10 12:00:00,4.0227485e-05
2057-03-11 12:00:00,3.7701127e-05
2057-03-12 12:00:00,3.422515e-05
2057-03-13 12:00:00,7.9115234e-05
2057-03-14 12:00:00,0.00023547561
2057-03-15 12:00:00,0.00020391317
2057-03-16 12:00:00,0.000103197155
2057-03-17 12:00:00,7.56352e-05
2057-03-18 12:00:00,8.35712e-05
2057-03-19 12:00:00,6.605163e-05
2057-03-20 12:00:00,5.4454573e-05
2057-03-21 12:00:00,4.8592643e-05
2057-03-22 12:00:00,4.037001e-05
2057-03-23 12:00:00,4.626055e-05
2057-03-24 12:00:00,1.2020562e-05
2057-03-25 12:00:00,6.4030546e-06
2057-03-26 12:00:00,1.111351e-05
2057-03-27 12:00:00,2.1848375e-05
2057-03-28 12:00:00,2.3639874e-05
2057-03-29 12:00:00,0.0001344472
2057-03-30 12:00:00,0.0001055628
2057-04-01 12:00:00,7.2005045e-05
2057-04-02 12:00:00,5.028701e-05
2057-04-03 12:00:00,4.5817444e-05
2057-04-04 12:00:00,4.738748e-05
2057-04-05 12:00:00,6.95926e-05
2057-04-06 12:00:00,7.222351e-05
2057-04-07 12:00:00,4.7792968e-05
2057-04-08 12:00:00,0.00011211527
2057-04-09 12:00:00,8.923286e-05
2057-04-10 12:00:00,8.66408e-05
2057-04-11 12:00:00,8.737407e-05
2057-04-12 12:00:00,9.378437e-05
2057-04-13 12:00:00,7.922155e-05
2057-04-14 12:00:00,5.0842966e-05
2057-04-15 12:00:00,1.48948375e-05
2057-04-16 12:00:00,0.0001007591
2057-04-17 12:00:00,4.695603e-05
2057-04-18 12:00:00,2.4642293e-05
2057-04-19 12:00:00,3.9281756e-05
2057-04-20 12:00:00,6.6746405e-05
2057-04-21 12:00:00,6.886763e-05
2057-04-22 12:00:00,7.433714e-05
2057-04-23 12:00:00,2.4397164e-05
2057-04-24 12:00:00,3.815271e-05
2057-04-25 12:00:00,3.9150185e-05
2057-04-26 12:00:00,3.731913e-05
2057-04-27 12:00:00,6.479349e-05
2057-04-28 12:00:00,3.485511e-05
2057-04-29 12:00:00,3.9664465e-05
2057-04-30 12:00:00,1.9624544e-05
2057-05-01 12:00:00,1.8061484e-05
2057-05-02 12:00:00,1.654726e-05
2057-05-03 12:00:00,2.7714015e-05
2057-05-04 12:00:00,6.720488e-05
2057-05-05 12:00:00,6.8440415e-05
2057-05-06 12:00:00,4.586124e-05
2057-05-07 12:00:00,1.970172e-05
2057-05-08 12:00:00,1.3372311e-05
2057-05-09 12:00:00,3.2755433e-05
2057-05-10 12:00:00,0.00010739563
2057-05-11 12:00:00,0.000104557206
2057-05-12 12:00:00,0.00011468419
2057-05-13 12:00:00,8.440832e-05
2057-05-14 12:00:00,5.4134034e-05
2057-05-15 12:00:00,2.2758783e-05
2057-05-16 12:00:00,8.792721e-06
2057-05-17 12:00:00,8.95255e-06
2057-05-18 12:00:00,2.2939453e-06
2057-05-19 12:00:00,1.1113863e-05
2057-05-20 12:00:00,1.7980863e-05
2057-05-21 12:00:00,1.1431932e-05
2057-05-22 12:00:00,7.1255527e-06
2057-05-23 12:00:00,5.094752e-06
2057-05-24 12:00:00,6.7788737e-06
2057-05-25 12:00:00,1.1656046e-05
2057-05-26 12:00:00,7.646366e-06
2057-05-27 12:00:00,1.9226118e-05
2057-05-28 12:00:00,1.3159322e-05
2057-05-29 12:00:00,1.48010595e-05
2057-05-30 12:00:00,3.510377e-05
2057-06-01 12:00:00,5.8736296e-05
2057-06-02 12:00:00,3.0442523e-05
2057-06-03 12:00:00,1.48425615e-05
2057-06-04 12:00:00,1.4667898e-05
2057-06-05 12:00:00,1.5684624e-05
2057-06-06 12:00:00,1.3557571e-05
2057-06-07 12:00:00,1.7211565e-05
2057-06-08 12:00:00,1.3947695e-05
2057-06-09 12:00:00,5.108527e-06
2057-06-10 12:00:00,6.0971715e-06
2057-06-11 12:00:00,7.5011953e-06
2057-06-12 12:00:00,1.2894589e-05
2057-06-13 12:00:00,1.904492e-05
2057-06-14 12:00:00,0.00010356785
2057-06-15 12:00:00,0.00014488059
2057-06-16 12:00:00,6.896017e-05
2057-06-17 12:00:00,1.8024662e-05
2057-06-18 12:00:00,1.5230037e-05
2057-06-19 12:00:00,2.5530273e-05
2057-06-20 12:00:00,2.0359226e-05
2057-06-21 12:00:00,1.2133591e-05
2057-06-22 12:00:00,1.1155896e-05
2057-06-23 12:00:00,1.8776831e-05
2057-06-24 12:00:00,5.7949623e-05
2057-06-25 12:00:00,5.3903208e-05
2057-06-26 12:00:00,4.31966e-05
2057-06-27 12:00:00,6.779721e-05
2057-06-28 12:00:00,4.2563643e-05
2057-06-29 12:00:00,4.944424e-05
2057-06-30 12:00:00,3.8991948e-05
2057-07-01 12:00:00,2.0323729e-05
2057-07-02 12:00:00,1.2477444e-05
2057-07-03 12:00:00,2.1955222e-05
2057-07-04 12:00:00,3.18482e-05
2057-07-05 12:00:00,9.272702e-05
2057-07-06 12:00:00,5.3451447e-05
2057-07-07 12:00:00,2.9980056e-05
2057-07-08 12:00:00,8.278583e-05
2057-07-09 12:00:00,0.00013589501
2057-07-10 12:00:00,0.0001492207
2057-07-11 12:00:00,0.000119960496
2057-07-12 12:00:00,0.00012133591
2057-07-13 12:00:00,0.00012201779
2057-07-14 12:00:00,0.00011388487
2057-07-15 12:00:00,0.00011670051
2057-07-16 12:00:00,0.00012091646
2057-07-17 12:00:00,7.720682e-05
2057-07-18 12:00:00,6.251597e-05
2057-07-19 12:00:00,5.731949e-05
2057-07-20 12:00:00,7.679992e-05
2057-07-21 12:00:00,7.4810625e-05
2057-07-22 12:00:00,7.2680035e-05
2057-07-23 12:00:00,6.727729e-05
2057-07-24 12:00:00,6.302177e-05
2057-07-25 12:00:00,5.2642943e-05
2057-07-26 12:00:00,8.262371e-05
2057-07-27 12:00:00,8.362118e-05
2057-07-28 12:00:00,9.9552526e-05
2057-07-29 12:00:00,0.00010869651
2057-07-30 12:00:00,7.909157e-05
2057-08-01 12:00:00,4.1153435e-05
2057-08-02 12:00:00,2.6659849e-05
2057-08-03 12:00:00,2.0049813e-05
2057-08-04 12:00:00,4.8186448e-05
2057-08-05 12:00:00,0.00012101837
2057-08-06 12:00:00,0.00012587647
2057-08-07 12:00:00,7.612122e-05
2057-08-08 12:00:00,7.810292e-05
2057-08-09 12:00:00,8.728789e-05
2057-08-10 12:00:00,8.951949e-05
2057-08-11 12:00:00,8.98697e-05
2057-08-12 12:00:00,0.00010355638
2057-08-13 12:00:00,7.347689e-05
2057-08-14 12:00:00,4.8774902e-05
2057-08-15 12:00:00,4.3632113e-05
2057-08-16 12:00:00,2.9282814e-05
2057-08-17 12:00:00,3.6725727e-05
2057-08-18 12:00:00,6.477371e-05
2057-08-19 12:00:00,9.3002534e-05
2057-08-20 12:00:00,9.3330316e-05
2057-08-21 12:00:00,0.000102965976
2057-08-22 12:00:00,6.588421e-05
2057-08-23 12:00:00,3.9935734e-05
2057-08-24 12:00:00,3.554458e-05
2057-08-25 12:00:00,4.894409e-05
2057-08-26 12:00:00,5.883407e-05
2057-08-27 12:00:00,3.126081e-05
2057-08-28 12:00:00,1.8347322e-05
2057-08-29 12:00:00,9.5780204e-05
2057-08-30 12:00:00,0.00015124037
2057-09-01 12:00:00,0.00013200243
2057-09-02 12:00:00,0.00014966239
2057-09-03 12:00:00,0.00014585123
2057-09-04 12:00:00,9.924364e-05
2057-09-05 12:00:00,5.9552327e-05
2057-09-06 12:00:00,3.4877008e-05
2057-09-07 12:00:00,5.159372e-05
2057-09-08 12:00:00,8.456002e-05
2057-09-09 12:00:00,3.7621478e-05
2057-09-10 12:00:00,4.829647e-05
2057-09-11 12:00:00,7.992286e-05
2057-09-12 12:00:00,9.988931e-05
2057-09-13 12:00:00,3.6963793e-05
2057-09-14 12:00:00,2.216821e-05
2057-09-15 12:00:00,2.434012e-05
2057-09-16 12:00:00,0.00011810277
2057-09-17 12:00:00,0.0001086513
2057-09-18 12:00:00,5.742969e-05
2057-09-19 12:00:00,6.0713166e-05
2057-09-20 12:00:00,5.9000784e-05
2057-09-21 12:00:00,2.6615344e-05
2057-09-22 12:00:00,2.1136297e-05
2057-09-23 12:00:00,1.6634944e-05
2057-09-24 12:00:00,2.9045454e-05
2057-09-25 12:00:00,0.000116616975
2057-09-26 12:00:00,0.00014282542
2057-09-27 12:00:00,0.00015437692
2057-09-28 12:00:00,7.519492e-05
2057-09-29 12:00:00,2.7604343e-05
2057-09-30 12:00:00,1.9551075e-05
2057-10-01 12:00:00,2.5098823e-05
2057-10-02 12:00:00,6.173289e-06
2057-10-03 12:00:00,1.8711486e-05
2057-10-04 12:00:00,6.340077e-05
2057-10-05 12:00:00,4.0105275e-05
2057-10-06 12:00:00,3.7519752e-05
2057-10-07 12:00:00,5.4173594e-05
2057-10-08 12:00:00,4.799324e-05
2057-10-09 12:00:00,8.6127584e-05
2057-10-10 12:00:00,9.021356e-05
2057-10-11 12:00:00,8.362948e-05
2057-10-12 12:00:00,2.8423974e-05
2057-10-13 12:00:00,1.9232122e-05
2057-10-14 12:00:00,2.510253e-05
2057-10-15 12:00:00,2.1423635e-05
2057-10-16 12:00:00,1.51216e-05
2057-10-17 12:00:00,1.3697797e-05
2057-10-18 12:00:00,1.5638529e-05
2057-10-19 12:00:00,5.322221e-05
2057-10-20 12:00:00,7.7317025e-05
2057-10-21 12:00:00,7.642975e-05
2057-10-22 12:00:00,6.980347e-05
2057-10-23 12:00:00,7.5692245e-05
2057-10-24 12:00:00,0.00012235882
2057-10-25 12:00:00,0.00011379409
2057-10-26 12:00:00,6.422552e-05
2057-10-27 12:00:00,4.2258464e-05
2057-10-28 12:00:00,2.4676909e-05
2057-10-29 12:00:00,6.391752e-06
2057-10-30 12:00:00,1.3636867e-05
2057-11-01 12:00:00,3.2100397e-05
2057-11-02 12:00:00,5.6999124e-05
2057-11-03 12:00:00,1.484733e-05
2057-11-04 12:00:00,2.2028868e-05
2057-11-05 12:00:00,2.6403417e-05
2057-11-06 12:00:00,5.8213827e-05
2057-11-07 12:00:00,9.292571e-05
2057-11-08 12:00:00,0.000108023116
2057-11-09 12:00:00,0.0001455261
2057-11-10 12:00:00,0.00012886607
2057-11-11 12:00:00,7.3345494e-05
2057-11-12 12:00:00,9.039122e-05
2057-11-13 12:00:00,3.1650052e-05
2057-11-14 12:00:00,2.842115e-05
2057-11-15 12:00:00,3.0374067e-05
2057-11-16 12:00:00,4.2210428e-05
2057-11-17 12:00:00,2.5083811e-05
2057-11-18 12:00:00,3.8265738e-05
2057-11-19 12:00:00,3.9797273e-05
2057-11-20 12:00:00,3.815271e-05
2057-11-21 12:00:00,4.0950163e-05
2057-11-22 12:00:00,5.2688152e-05
2057-11-23 12:00:00,5.668653e-05
2057-11-24 12:00:00,3.919257e-05
2057-11-25 12:00:00,4.4623583e-05
2057-11-26 12:00:00,0.00010065737
2057-11-27 12:00:00,0.00010727801
2057-11-28 12:00:00,0.00019028883
2057-11-29 12:00:00,0.00020223028
2057-11-30 12:00:00,0.00023120227
2057-12-01 12:00:00,0.0002122121
2057-12-02 12:00:00,0.00018433595
2057-12-03 12:00:00,0.00017741967
2057-12-04 12:00:00,0.00016559621
2057-12-05 12:00:00,0.00014508457
2057-12-06 12:00:00,0.000106334395
2057-12-07 12:00:00,9.426333e-05
2057-12-08 12:00:00,0.00011634218
2057-12-09 12:00:00,0.000101199556
2057-12-10 12:00:00,8.193494e-05
2057-12-11 12:00:00,0.0001157237
2057-12-12 12:00:00,0.000106316205
2057-12-13 12:00:00,0.00012883375
2057-12-14 12:00:00,9.485655e-05
2057-12-15 12:00:00,0.000103642735
2057-12-16 12:00:00,9.888283e-05
2057-12-17 12:00:00,0.00011992553
2057-12-18 12:00:00,8.814231e-05
2057-12-19 12:00:00,0.000114814175
2057-12-20 12:00:00,0.00011755794
2057-12-21 12:00:00,0.00013874227
2057-12-22 12:00:00,0.00010526893
2057-12-23 12:00:00,6.809674e-05
2057-12-24 12:00:00,6.98402e-05
2057-12-25 12:00:00,5.56608e-05
2057-12-26 12:00:00,6.689582e-05
2057-12-27 12:00:00,4.9435763e-05
2057-12-28 12:00:00,8.900981e-05
2057-12-29 12:00:00,6.7039924e-05
2057-12-30 12:00:00,5.0842966e-05
2058-01-01 12:00:00,4.0040282e-05
2058-01-02 12:00:00,5.524595e-05
2058-01-03 12:00:00,1.917967e-05
2058-01-04 12:00:00,3.7001057e-05
2058-01-05 12:00:00,3.3486936e-05
2058-01-06 12:00:00,6.603662e-05
2058-01-07 12:00:00,7.609703e-05
2058-01-08 12:00:00,9.300854e-05
2058-01-09 12:00:00,6.1137376e-05
2058-01-10 12:00:00,8.326267e-05
2058-01-11 12:00:00,0.000111079644
2058-01-12 12:00:00,9.220427e-05
2058-01-13 12:00:00,9.742335e-05
2058-01-14 12:00:00,6.73693e-05
2058-01-15 12:00:00,8.746379e-05
2058-01-16 12:00:00,8.244445e-05
2058-01-17 12:00:00,3.572207e-05
2058-01-18 12:00:00,1.6471053e-05
2058-01-19 12:00:00,1.4566525e-05
2058-01-20 12:00:00,2.1840075e-05
2058-01-21 12:00:00,2.8562787e-05
2058-01-22 12:00:00,2.7005293e-05
2058-01-23 12:00:00,1.9635845e-05
2058-01-24 12:00:00,4.047827e-05
2058-01-25 12:00:00,6.301046e-05
2058-01-26 12:00:00,8.066832e-05
2058-01-27 12:00:00,4.194481e-05
2058-01-28 12:00:00,3.9427105e-05
2058-01-29 12:00:00,2.1749476e-05
2058-01-30 12:00:00,1.4396983e-05
2058-02-01 12:00:00,3.2366013e-05
2058-02-02 12:00:00,7.4484604e-05
2058-02-03 12:00:00,0.00013596883
2058-02-04 12:00:00,0.00019472025
2058-02-05 12:00:00,0.00021913066
2058-02-06 12:00:00,0.00011324184
2058-02-07 12:00:00,6.6159184e-05
2058-02-08 12:00:00,3.7800026e-05
2058-02-09 12:00:00,6.8069545e-05
2058-02-10 12:00:00,0.00013670017
2058-02-11 12:00:00,0.00017472837
2058-02-12 12:00:00,8.221186e-05
2058-02-13 12:00:00,5.791836e-05
2058-02-14 12:00:00,6.528304e-05
2058-02-15 12:00:00,6.8580644e-05
2058-02-16 12:00:00,4.3666198e-05
2058-02-17 12:00:00,2.6936945e-05
2058-02-18 12:00:00,6.7304485e-05
2058-02-19 12:00:00,4.414957e-05
2058-02-20 12:00:00,0.00012609934
2058-02-21 12:00:00,0.00016513244
2058-02-22 12:00:00,0.00017852754
2058-02-23 12:00:00,0.00015015848
2058-02-24 12:00:00,7.064853e-05
2058-02-25 12:00:00,9.6811586e-05
2058-02-26 12:00:00,0.000105760606
2058-02-27 12:00:00,6.238881e-05
2058-02-28 12:00:00,9.8733064e-05
2058-02-29 12:00:00,0.00010081844
2058-02-30 12:00:00,9.7133714e-05
2058-03-01 12:00:00,7.583225e-05
2058-03-02 12:00:00,7.5776356e-05
2058-03-03 12:00:00,5.626391e-05
2058-03-04 12:00:00,4.6101428e-05
2058-03-05 12:00:00,7.7414865e-05
2058-03-06 12:00:00,0.00012051628
2058-03-07 12:00:00,7.8514946e-05
2058-03-08 12:00:00,0.00016315904
2058-03-09 12:00:00,0.00015924667
2058-03-10 12:00:00,5.3769516e-05
2058-03-11 12:00:00,6.3638654e-05
2058-03-12 12:00:00,7.9862635e-05
2058-03-13 12:00:00,5.426154e-05
2058-03-14 12:00:00,0.00010186572
2058-03-15 12:00:00,0.000102691534
2058-03-16 12:00:00,8.4710664e-05
2058-03-17 12:00:00,6.937361e-05
2058-03-18 12:00:00,7.706465e-05
2058-03-19 12:00:00,6.2184474e-05
2058-03-20 12:00:00,8.150419e-05
2058-03-21 12:00:00,0.00011320175
2058-03-22 12:00:00,9.716268e-05
2058-03-23 12:00:00,6.3370746e-05
2058-03-24 12:00:00,4.455718e-05
2058-03-25 12:00:00,2.7169184e-05
2058-03-26 12:00:00,1.2051645e-05
2058-03-27 12:00:00,2.5349427e-05
2058-03-28 12:00:00,7.324518e-05
2058-03-29 12:00:00,8.918782e-05
2058-03-30 12:00:00,5.6234418e-05
2058-04-01 12:00:00,3.843345e-05
2058-04-02 12:00:00,5.8979836e-05
2058-04-03 12:00:00,1.9443522e-05
2058-04-04 12:00:00,9.920885e-06
2058-04-05 12:00:00,2.232486e-05
2058-04-06 12:00:00,5.7031797e-05
2058-04-07 12:00:00,0.00011459253
2058-04-08 12:00:00,0.00011019025
2058-04-09 12:00:00,5.376934e-05
2058-04-10 12:00:00,3.3601023e-05
2058-04-11 12:00:00,0.00010986477
2058-04-12 12:00:00,5.093533e-05
2058-04-13 12:00:00,3.3930573e-05
2058-04-14 12:00:00,1.8232882e-05
2058-04-15 12:00:00,1.1509463e-05
2058-04-16 12:00:00,2.867617e-05
2058-04-17 12:00:00,7.1069386e-05
2058-04-18 12:00:00,3.74454e-05
2058-04-19 12:00:00,4.060684e-05
2058-04-20 12:00:00,3.436167e-05
2058-04-21 12:00:00,2.6961494e-05
2058-04-22 12:00:00,5.593754e-05
2058-04-23 12:00:00,3.4223565e-05
2058-04-24 12:00:00,1.7649372e-05
2058-04-25 12:00:00,6.620634e-06
2058-04-26 12:00:00,2.8861783e-05
2058-04-27 12:00:00,5.162569e-06
2058-04-28 12:00:00,7.2451157e-06
2058-04-29 12:00:00,8.296279e-06
2058-04-30 12:00:00,3.0557207e-05
2058-05-01 12:00:00,5.8900074e-05
2058-05-02 12:00:00,2.3620138e-05
2058-05-03 12:00:00,2.3253811e-05
2058-05-04 12:00:00,2.8504684e-05
2058-05-05 12:00:00,7.5392716e-05
2058-05-06 12:00:00,6.839697e-05
2058-05-07 12:00:00,5.877102e-05
2058-05-08 12:00:00,6.22394e-05
2058-05-09 12:00:00,6.31023e-05
2058-05-10 12:00:00,3.809196e-05
2058-05-11 12:00:00,3.554829e-05
2058-05-12 12:00:00,4.855538e-05
2058-05-13 12:00:00,0.00010901599
2058-05-14 12:00:00,9.817499e-05
2058-05-15 12:00:00,4.9746766e-05
2058-05-16 12:00:00,2.9871091e-05
2058-05-17 12:00:00,1.4936693e-05
2058-05-18 12:00:00,1.3916612e-05
2058-05-19 12:00:00,1.35577475e-05
2058-05-20 12:00:00,2.2814767e-05
2058-05-21 12:00:00,6.572597e-05
2058-05-22 12:00:00,4.249865e-05
2058-05-23 12:00:00,5.114249e-05
2058-05-24 12:00:00,4.5635185e-05
2058-05-25 12:00:00,8.346577e-05
2058-05-26 12:00:00,0.000112839
2058-05-27 12:00:00,8.096784e-05
2058-05-28 12:00:00,5.9950224e-05
2058-05-29 12:00:00,4.829983e-05
2058-05-30 12:00:00,4.225564e-05
2058-06-01 12:00:00,3.1423464e-05
2058-06-02 12:00:00,4.97231e-05
2058-06-03 12:00:00,2.8877324e-05
2058-06-04 12:00:00,3.980893e-05
2058-06-05 12:00:00,3.936441e-05
2058-06-06 12:00:00,4.177421e-05
2058-06-07 12:00:00,4.5280383e-05
2058-06-08 12:00:00,1.915371e-05
2058-06-09 12:00:00,1.09628645e-05
2058-06-10 12:00:00,2.7686465e-05
2058-06-11 12:00:00,3.5667676e-05
2058-06-12 12:00:00,2.9646622e-05
2058-06-13 12:00:00,1.726808e-05
2058-06-14 12:00:00,4.8244023e-05
2058-06-15 12:00:00,0.000113664995
2058-06-16 12:00:00,0.00017743152
2058-06-17 12:00:00,0.00015983706
2058-06-18 12:00:00,0.000103519815
2058-06-19 12:00:00,4.756797e-05
2058-06-20 12:00:00,0.000104958104
2058-06-21 12:00:00,0.00015098888
2058-06-22 12:00:00,0.00012595311
2058-06-23 12:00:00,0.00011015458
2058-06-24 12:00:00,8.786822e-05
2058-06-25 12:00:00,5.8520414e-05
2058-06-26 12:00:00,3.1142128e-05
2058-06-27 12:00:00,3.7093072e-05
2058-06-28 12:00:00,4.7135636e-05
2058-06-29 12:00:00,3.5069865e-05
2058-06-30 12:00:00,8.368052e-05
2058-07-01 12:00:00,6.771244e-05
2058-07-02 12:00:00,2.3569584e-05
2058-07-03 12:00:00,1.3525958e-05
2058-07-04 12:00:00,1.4607145e-05
2058-07-05 12:00:00,1.8457173e-05
2058-07-06 12:00:00,1.1403145e-05
2058-07-07 12:00:00,7.726369e-06
2058-07-08 12:00:00,9.130393e-06
2058-07-09 12:00:00,1.030889e-05
2058-07-10 12:00:00,2.0476848e-05
2058-07-11 12:00:00,3.0605246e-05
2058-07-12 12:00:00,1.5708112e-05
2058-07-13 12:00:00,5.694367e-05
2058-07-14 12:00:00,5.3917338e-05
2058-07-15 12:00:00,1.6931643e-05
2058-07-16 12:00:00,0.00010489311
2058-07-17 12:00:00,0.00013796237
2058-07-18 12:00:00,0.00011360194
2058-07-19 12:00:00,3.7200447e-05
2058-07-20 12:00:00,7.654843e-06
2058-07-21 12:00:00,1.981669e-05
2058-07-22 12:00:00,1.8166478e-05
2058-07-23 12:00:00,6.176998e-06
2058-07-24 12:00:00,4.0373718e-05
2058-07-25 12:00:00,9.741911e-05
2058-07-26 12:00:00,0.00012803
2058-07-27 12:00:00,0.00012445549
2058-07-28 12:00:00,0.00017384886
2058-07-29 12:00:00,0.00020216247
2058-07-30 12:00:00,0.00019226118
2058-08-01 12:00:00,0.00019092638
2058-08-02 12:00:00,0.00012787229
2058-08-03 12:00:00,8.445106e-05
2058-08-04 12:00:00,4.249653e-05
2058-08-05 12:00:00,3.942799e-05
2058-08-06 12:00:00,3.699311e-05
2058-08-07 12:00:00,5.7772133e-05
2058-08-08 12:00:00,5.986245e-05
2058-08-09 12:00:00,4.1921674e-05
2058-08-10 12:00:00,5.949917e-05
2058-08-11 12:00:00,6.893033e-05
2058-08-12 12:00:00,5.1213134e-05
2058-08-13 12:00:00,4.2922507e-05
2058-08-14 12:00:00,7.378207e-05
2058-08-15 12:00:00,8.24033e-05
2058-08-16 12:00:00,0.00010511352
2058-08-17 12:00:00,7.759112e-05
2058-08-18 12:00:00,7.4129624e-05
2058-08-19 12:00:00,6.034017e-05
2058-08-20 12:00:00,5.5236942e-05
2058-08-21 12:00:00,3.5165936e-05
2058-08-22 12:00:00,2.3693563e-05
2058-08-23 12:00:00,2.7626947e-05
2058-08-24 12:00:00,4.8520233e-05
2058-08-25 12:00:00,2.529574e-05
2058-08-26 12:00:00,2.5267482e-05
2058-08-27 12:00:00,6.668106e-05
2058-08-28 12:00:00,0.000128095
2058-08-29 12:00:00,0.00013047142
2058-08-30 12:00:00,0.00012917159
2058-09-01 12:00:00,0.000120348675
2058-09-02 12:00:00,6.417607e-05
2058-09-03 12:00:00,4.9263574e-05
2058-09-04 12:00:00,6.579856e-05
2058-09-05 12:00:00,9.792915e-05
2058-09-06 12:00:00,0.00013132089
2058-09-07 12:00:00,0.00011205681
2058-09-08 12:00:00,6.947904e-05
2058-09-09 12:00:00,7.5769065e-05
2058-09-10 12:00:00,9.25015e-05
2058-09-11 12:00:00,4.894727e-05
2058-09-12 12:00:00,1.543649e-05
2058-09-13 12:00:00,1.3163031e-05
2058-09-14 12:00:00,8.2210445e-06
2058-09-15 12:00:00,1.1362349e-05
2058-09-16 12:00:00,1.1463898e-05
2058-09-17 12:00:00,3.495401e-06
2058-09-18 12:00:00,7.838515e-06
2058-09-19 12:00:00,1.6338245e-05
2058-09-20 12:00:00,5.957723e-05
2058-09-21 12:00:00,0.00016240474
2058-09-22 12:00:00,0.00015015248
2058-09-23 12:00:00,8.3988525e-05
2058-09-24 12:00:00,3.1436004e-05
2058-09-25 12:00:00,2.188511e-05
2058-09-26 12:00:00,9.081826e-06
2058-09-27 12:00:00,5.674022e-06
2058-09-28 12:00:00,8.030663e-06
2058-09-29 12:00:00,3.4094995e-05
2058-09-30 12:00:00,2.5968258e-05
2058-10-01 12:00:00,1.7069573e-05
2058-10-02 12:00:00,5.270652e-06
2058-10-03 12:00:00,4.5536285e-06
2058-10-04 12:00:00,1.2250328e-05
2058-10-05 12:00:00,7.927877e-06
2058-10-06 12:00:00,2.770077e-05
2058-10-07 12:00:00,5.3898617e-05
2058-10-08 12:00:00,5.0004437e-05
2058-10-09 12:00:00,5.3152806e-05
2058-10-10 12:00:00,6.0825838e-05
2058-10-11 12:00:00,7.1522205e-05
2058-10-12 12:00:00,4.102628e-05
2058-10-13 12:00:00,7.062151e-05
2058-10-14 12:00:00,7.3383286e-05
2058-10-15 12:00:00,6.892344e-05
2058-10-16 12:00:00,2.1439177e-05
2058-10-17 12:00:00,2.018156e-05
2058-10-18 12:00:00,1.554422e-05
2058-10-19 12:00:00,6.4847176e-05
2058-10-20 12:00:00,0.00011090057
2058-10-21 12:00:00,5.792419e-05
2058-10-22 12:00:00,3.471665e-05
2058-10-23 12:00:00,3.0616546e-05
2058-10-24 12:00:00,3.288559e-05
2058-10-25 12:00:00,3.48099e-05
2058-10-26 12:00:00,2.2195938e-05
2058-10-27 12:00:00,1.0658571e-05
2058-10-28 12:00:00,1.0924187e-05
2058-10-29 12:00:00,2.0110565e-05
2058-10-30 12:00:00,1.4642819e-05
2058-11-01 12:00:00,9.049154e-06
2058-11-02 12:00:00,2.4323695e-05
2058-11-03 12:00:00,2.1021855e-05
2058-11-04 12:00:00,1.9177727e-05
2058-11-05 12:00:00,2.8580625e-05
2058-11-06 12:00:00,3.5185894e-05
2058-11-07 12:00:00,2.6980568e-05
2058-11-08 12:00:00,2.9362816e-05
2058-11-09 12:00:00,4.0693198e-05
2058-11-10 12:00:00,4.419319e-05
2058-11-11 12:00:00,3.88164e-05
2058-11-12 12:00:00,3.620774e-05
2058-11-13 12:00:00,5.1482108e-05
2058-11-14 12:00:00,5.1363957e-05
2058-11-15 12:00:00,0.00011154747
2058-11-16 12:00:00,0.00013094014
2058-11-17 12:00:00,4.7531943e-05
2058-11-18 12:00:00,3.3979493e-05
2058-11-19 12:00:00,4.099255e-05
2058-11-20 12:00:00,5.238863e-05
2058-11-21 12:00:00,4.4778997e-05
2058-11-22 12:00:00,0.000112454705
2058-11-23 12:00:00,9.5455245e-05
2058-11-24 12:00:00,8.762803e-05
2058-11-25 12:00:00,4.716107e-05
2058-11-26 12:00:00,7.892485e-05
2058-11-27 12:00:00,8.7441535e-05
2058-11-28 12:00:00,8.402243e-05
2058-11-29 12:00:00,6.9792164e-05
2058-11-30 12:00:00,6.835105e-05
2058-12-01 12:00:00,9.184452e-05
2058-12-02 12:00:00,0.00013508616
2058-12-03 12:00:00,0.00010974149
2058-12-04 12:00:00,7.990661e-05
2058-12-05 12:00:00,4.578071e-05
2058-12-06 12:00:00,4.5314646e-05
2058-12-07 12:00:00,8.778539e-05
2058-12-08 12:00:00,7.691277e-05
2058-12-09 12:00:00,9.5896234e-05
2058-12-10 12:00:00,0.000117367556
2058-12-11 12:00:00,0.00015468315
2058-12-12 12:00:00,0.00014734443
2058-12-13 12:00:00,0.000110073874
2058-12-14 12:00:00,3.5981153e-05
2058-12-15 12:00:00,5.863203e-05
2058-12-16 12:00:00,6.5658154e-05
2058-12-17 12:00:00,6.157783e-05
2058-12-18 12:00:00,3.137666e-05
2058-12-19 12:00:00,6.549144e-05
2058-12-20 12:00:00,8.847857e-05
2058-12-21 12:00:00,9.86596e-05
2058-12-22 12:00:00,8.971341e-05
2058-12-23 12:00:00,7.607936e-05
2058-12-24 12:00:00,7.516666e-05
2058-12-25 12:00:00,7.8074314e-05
2058-12-26 12:00:00,0.00010104732
2058-12-27 12:00:00,9.861156e-05
2058-12-28 12:00:00,6.076685e-05
2058-12-29 12:00:00,5.5655146e-05
2058-12-30 12:00:00,7.752613e-05
2059-01-01 12:00:00,9.5534895e-05
2059-01-02 12:00:00,0.00011903207
2059-01-03 12:00:00,9.900787e-05
2059-01-04 12:00:00,5.0113933e-05
2059-01-05 12:00:00,4.5524277e-05
2059-01-06 12:00:00,4.7135283e-05
2059-01-07 12:00:00,6.6202985e-05
2059-01-08 12:00:00,7.167709e-05
2059-01-09 12:00:00,9.4500865e-05
2059-01-10 12:00:00,4.1193704e-05
2059-01-11 12:00:00,3.2713047e-05
2059-01-12 12:00:00,4.9125996e-05
2059-01-13 12:00:00,3.397614e-05
2059-01-14 12:00:00,6.367733e-05
2059-01-15 12:00:00,5.3315638e-05
2059-01-16 12:00:00,4.0021387e-05
2059-01-17 12:00:00,3.66542e-05
2059-01-18 12:00:00,2.8970042e-05
2059-01-19 12:00:00,8.111831e-05
2059-01-20 12:00:00,8.004683e-05
2059-01-21 12:00:00,0.000104223414
2059-01-22 12:00:00,5.424512e-05
2059-01-23 12:00:00,8.4152416e-05
2059-01-24 12:00:00,6.111724e-05
2059-01-25 12:00:00,8.961733e-05
2059-01-26 12:00:00,0.00012486239
2059-01-27 12:00:00,5.9328566e-05
2059-01-28 12:00:00,5.709626e-05
2059-01-29 12:00:00,9.855505e-05
2059-01-30 12:00:00,0.00013091505
2059-02-01 12:00:00,0.00011639904
2059-02-02 12:00:00,7.935542e-05
2059-02-03 12:00:00,8.135461e-05
2059-02-04 12:00:00,9.260287e-05
2059-02-05 12:00:00,9.040924e-05
2059-02-06 12:00:00,6.547448e-05
2059-02-07 12:00:00,8.4830936e-05
2059-02-08 12:00:00,9.802647e-05
2059-02-09 12:00:00,0.0001292901
2059-02-10 12:00:00,0.00016208614
2059-02-11 12:00:00,0.00019747815
2059-02-12 12:00:00,0.0001341761
2059-02-13 12:00:00,6.8744535e-05
2059-02-14 12:00:00,9.5616844e-05
2059-02-15 12:00:00,9.18062e-05
2059-02-16 12:00:00,0.00016610113
2059-02-17 12:00:00,0.000121773184
2059-02-18 12:00:00,0.00013420242
2059-02-19 12:00:00,0.000111788366
2059-02-20 12:00:00,4.7737514e-05
2059-02-21 12:00:00,2.7844528e-05
2059-02-22 12:00:00,1.2195756e-05
2059-02-23 12:00:00,3.554458e-05
2059-02-24 12:00:00,0.00011180762
2059-02-25 12:00:00,7.0145376e-05
2059-02-26 12:00:00,5.6257024e-05
2059-02-27 12:00:00,8.523466e-05
2059-02-28 12:00:00,8.902393e-05
2059-02-29 12:00:00,0.00011447226
2059-02-30 12:00:00,6.188301e-05
2059-03-01 12:00:00,5.611203e-05
2059-03-02 12:00:00,3.9207407e-05
2059-03-03 12:00:00,2.0163194e-05
2059-03-04 12:00:00,4.3146443e-05
2059-03-05 12:00:00,6.383981e-05
2059-03-06 12:00:00,8.333843e-05
2059-03-07 12:00:00,3.55218e-05
2059-03-08 12:00:00,1.4265411e-05
2059-03-09 12:00:00,1.1444471e-05
2059-03-10 12:00:00,7.321233e-06
2059-03-11 12:00:00,6.9560105e-05
2059-03-12 12:00:00,0.00013601952
2059-03-13 12:00:00,0.00011813879
2059-03-14 12:00:00,4.7834823e-05
2059-03-15 12:00:00,2.5039482e-05
2059-03-16 12:00:00,1.694224e-05
2059-03-17 12:00:00,1.6414186e-05
2059-03-18 12:00:00,5.525955e-05
2059-03-19 12:00:00,0.00012792723
2059-03-20 12:00:00,0.00010869493
2059-03-21 12:00:00,9.885175e-05
2059-03-22 12:00:00,7.186341e-05
2059-03-23 12:00:00,3.6655085e-05
2059-03-24 12:00:00,2.8259907e-05
2059-03-25 12:00:00,3.498792e-05
2059-03-26 12:00:00,3.7070466e-05
2059-03-27 12:00:00,8.969928e-05
2059-03-28 12:00:00,6.0348648e-05
2059-03-29 12:00:00,4.9156017e-05
2059-03-30 12:00:00,9.383611e-05
2059-04-01 12:00:00,7.771739e-05
2059-04-02 12:00:00,2.209068e-05
2059-04-03 12:00:00,5.6140638e-05
2059-04-04 12:00:00,6.971534e-05
2059-04-05 12:00:00,8.6697844e-05
2059-04-06 12:00:00,4.395919e-05
2059-04-07 12:00:00,4.1002084e-05
2059-04-08 12:00:00,1.959558e-05
2059-04-09 12:00:00,2.71985e-05
2059-04-10 12:00:00,2.6505671e-05
2059-04-11 12:00:00,6.886604e-06
2059-04-12 12:00:00,3.682922e-05
2059-04-13 12:00:00,7.744418e-05
2059-04-14 12:00:00,4.737547e-05
2059-04-15 12:00:00,4.7609297e-05
2059-04-16 12:00:00,8.2621234e-05
2059-04-17 12:00:00,4.050123e-05
2059-04-18 12:00:00,3.0476322e-05
2059-04-19 12:00:00,5.316764e-05
2059-04-20 12:00:00,5.777319e-05
2059-04-21 12:00:00,3.0436939e-05
2059-04-22 12:00:00,2.0766834e-05
2059-04-23 12:00:00,2.7049091e-05
2059-04-24 12:00:00,1.5534153e-05
2059-04-25 12:00:00,9.91488e-06
2059-04-26 12:00:00,5.3490653e-06
2059-04-27 12:00:00,1.1260447e-05
2059-04-28 12:00:00,2.8678112e-05
2059-04-29 12:00:00,2.6965732e-05
2059-04-30 12:00:00,2.887026e-05
2059-05-01 12:00:00,3.294852e-05
2059-05-02 12:00:00,3.013524e-05
2059-05-03 12:00:00,6.3020176e-05
2059-05-04 12:00:00,2.6161819e-05
2059-05-05 12:00:00,6.6688476e-06
2059-05-06 12:00:00,8.660442e-06
2059-05-07 12:00:00,8.269081e-06
2059-05-08 12:00:00,3.7536705e-05
2059-05-09 12:00:00,5.7395253e-05
2059-05-10 12:00:00,7.343433e-05
2059-05-11 12:00:00,8.4594285e-05
2059-05-12 12:00:00,5.7266152e-05
2059-05-13 12:00:00,4.8443762e-05
2059-05-14 12:00:00,5.2590665e-05
2059-05-15 12:00:00,4.530599e-05
2059-05-16 12:00:00,2.9580042e-05
2059-05-17 12:00:00,2.2321505e-05
2059-05-18 12:00:00,1.7446098e-05
2059-05-19 12:00:00,1.9546836e-05
2059-05-20 12:00:00,2.2380138e-05
2059-05-21 12:00:00,3.0938147e-05
2059-05-22 12:00:00,1.5216262e-05
2059-05-23 12:00:00,2.8267325e-05
2059-05-24 12:00:00,3.6328718e-05
2059-05-25 12:00:00,3.9764425e-05
2059-05-26 12:00:00,4.234041e-05
2059-05-27 12:00:00,4.0466966e-05
2059-05-28 12:00:00,3.0243555e-05
2059-05-29 12:00:00,2.2529372e-05
2059-05-30 12:00:00,1.4688031e-05
2059-06-01 12:00:00,1.25078095e-05
2059-06-02 12:00:00,1.39964495e-05
2059-06-03 12:00:00,2.9967165e-05
2059-06-04 12:00:00,5.212142e-05
2059-06-05 12:00:00,1.9814395e-05
2059-06-06 12:00:00,1.040567e-05
2059-06-07 12:00:00,7.864122e-06
2059-06-08 12:00:00,1.2047407e-05
2059-06-09 12:00:00,2.392951e-05
2059-06-10 12:00:00,1.9198214e-05
2059-06-11 12:00:00,1.6613045e-05
2059-06-12 12:00:00,1.5970902e-05
2059-06-13 12:00:00,1.2868804e-05
2059-06-14 12:00:00,7.7629265e-06
2059-06-15 12:00:00,3.710508e-06
2059-06-16 12:00:00,1.3941867e-05
2059-06-17 12:00:00,1.33822e-05
2059-06-18 12:00:00,4.374143e-05
2059-06-19 12:00:00,4.5115255e-05
2059-06-20 12:00:00,6.609437e-05
2059-06-21 12:00:00,1.86525e-05
2059-06-22 12:00:00,2.815253e-05
2059-06-23 12:00:00,5.2298205e-05
2059-06-24 12:00:00,8.117129e-05
2059-06-25 12:00:00,8.8662244e-05
2059-06-26 12:00:00,0.00010693327
2059-06-27 12:00:00,8.422306e-05
2059-06-28 12:00:00,4.5570196e-05
2059-06-29 12:00:00,3.5134854e-05
2059-06-30 12:00:00,3.044983e-05
2059-07-01 12:00:00,1.724512e-05
2059-07-02 12:00:00,1.2967351e-05
2059-07-03 12:00:00,1.14919785e-05
2059-07-04 12:00:00,2.1228485e-05
2059-07-05 12:00:00,6.1224615e-05
2059-07-06 12:00:00,5.814318e-05
2059-07-07 12:00:00,3.215179e-05
2059-07-08 12:00:00,3.1763433e-05
2059-07-09 12:00:00,5.2047955e-05
2059-07-10 12:00:00,9.175745e-05
2059-07-11 12:00:00,0.00010854976
2059-07-12 12:00:00,9.4432165e-05
2059-07-13 12:00:00,6.187135e-05
2059-07-14 12:00:00,5.3412947e-05
2059-07-15 12:00:00,2.582609e-05
2059-07-16 12:00:00,1.7578377e-05
2059-07-17 12:00:00,5.0323037e-05
2059-07-18 12:00:00,8.2236584e-05
2059-07-19 12:00:00,0.00014227157
2059-07-20 12:00:00,0.0001279961
2059-07-21 12:00:00,4.101233e-05
2059-07-22 12:00:00,0.00013449523
2059-07-23 12:00:00,9.81764e-05
2059-07-24 12:00:00,0.00015475838
2059-07-25 12:00:00,0.00013081334
2059-07-26 12:00:00,0.00012694777
2059-07-27 12:00:00,0.00012931005
2059-07-28 12:00:00,0.00010017135
2059-07-29 12:00:00,7.517231e-05
2059-07-30 12:00:00,7.414941e-05
2059-08-01 12:00:00,8.766247e-05
2059-08-02 12:00:00,8.3553714e-05
2059-08-03 12:00:00,0.000106155676
2059-08-04 12:00:00,0.00010300713
2059-08-05 12:00:00,8.125747e-05
2059-08-06 12:00:00,5.6064873e-05
2059-08-07 12:00:00,5.3081105e-05
2059-08-08 12:00:00,1.8441984e-05
2059-08-09 12:00:00,4.2746076e-05
2059-08-10 12:00:00,6.29649e-05
2059-08-11 12:00:00,0.00011378791
2059-08-12 12:00:00,0.00016120134
2059-08-13 12:00:00,0.00015646493
2059-08-14 12:00:00,0.000117842625
2059-08-15 12:00:00,9.01604e-05
2059-08-16 12:00:00,8.54042e-05
2059-08-17 12:00:00,9.6636395e-05
2059-08-18 12:00:00,0.000114107745
2059-08-19 12:00:00,3.6471414e-05
2059-08-20 12:00:00,2.9486264e-05
2059-08-21 12:00:00,3.0613723e-05
2059-08-22 12:00:00,2.2289185e-05
2059-08-23 12:00:00,4.9673123e-05
2059-08-24 12:00:00,0.00010581994
2059-08-25 12:00:00,0.00016206001
2059-08-26 12:00:00,0.00014928498
2059-08-27 12:00:00,0.00010700957
2059-08-28 12:00:00,7.997319e-05
2059-08-29 12:00:00,7.202165e-05
2059-08-30 12:00:00,0.00011811178
2059-09-01 12:00:00,0.00012483732
2059-09-02 12:00:00,0.00012121828
2059-09-03 12:00:00,6.06374e-05
2059-09-04 12:00:00,2.3562521e-05
2059-09-05 12:00:00,0.00010817694
2059-09-06 12:00:00,0.00017442885
2059-09-07 12:00:00,0.00014352796
2059-09-08 12:00:00,0.00012695888
2059-09-09 12:00:00,0.0001522149
2059-09-10 12:00:00,0.00012891552
2059-09-11 12:00:00,6.921731e-05
2059-09-12 12:00:00,5.905624e-05
2059-09-13 12:00:00,3.254368e-05
2059-09-14 12:00:00,5.8990012e-05
2059-09-15 12:00:00,9.990132e-05
2059-09-16 12:00:00,8.733045e-05
2059-09-17 12:00:00,0.0001557813
2059-09-18 12:00:00,0.00018877425
2059-09-19 12:00:00,0.00011773313
2059-09-20 12:00:00,7.3222574e-05
2059-09-21 12:00:00,4.4041488e-05
2059-09-22 12:00:00,1.8107137e-05
2059-09-23 12:00:00,3.174683e-05
2059-09-24 12:00:00,4.38013e-05
2059-09-25 12:00:00,3.3495944e-05
2059-09-26 12:00:00,2.729634e-05
2059-09-27 12:00:00,0.00012823063
2059-09-28 12:00:00,0.00014156233
2059-09-29 12:00:00,0.00016028264
2059-09-30 12:00:00,9.824422e-05
2059-10-01 12:00:00,5.467551e-05
2059-10-02 12:00:00,3.917685e-05
2059-10-03 12:00:00,5.8059824e-05
2059-10-04 12:00:00,6.50199e-05
2059-10-05 12:00:00,7.985681e-05
2059-10-06 12:00:00,6.8157846e-05
2059-10-07 12:00:00,5.4360797e-05
2059-10-08 12:00:00,2.2904484e-05
2059-10-09 12:00:00,3.3606677e-05
2059-10-10 12:00:00,1.7209975e-05
2059-10-11 12:00:00,1.7808672e-05
2059-10-12 12:00:00,1.7337661e-05
2059-10-13 12:00:00,3.0330268e-05
2059-10-14 12:00:00,7.785585e-05
2059-10-15 12:00:00,8.499589e-05
2059-10-16 12:00:00,4.720822e-05
2059-10-17 12:00:00,2.7416963e-05
2059-10-18 12:00:00,3.116756e-05
2059-10-19 12:00:00,4.481008e-05
2059-10-20 12:00:00,5.287465e-05
2059-10-21 12:00:00,6.2801366e-05
2059-10-22 12:00:00,4.4259064e-05
2059-10-23 12:00:00,3.1331452e-05
2059-10-24 12:00:00,2.0523117e-05
2059-10-25 12:00:00,3.9607952e-05
2059-10-26 12:00:00,3.1113872e-05
2059-10-27 12:00:00,2.946366e-05
2059-10-28 12:00:00,5.0724288e-05
2059-10-29 12:00:00,2.9141527e-05
2059-10-30 12:00:00,2.881092e-05
2059-11-01 12:00:00,1.0607355e-05
2059-11-02 12:00:00,4.0195344e-05
2059-11-03 12:00:00,4.4492186e-05
2059-11-04 12:00:00,8.259545e-05
2059-11-05 12:00:00,7.1508955e-05
2059-11-06 12:00:00,6.5384236e-05
2059-11-07 12:00:00,3.2519663e-05
2059-11-08 12:00:00,1.917614e-05
2059-11-09 12:00:00,2.4389039e-05
2059-11-10 12:00:00,3.0203464e-05
2059-11-11 12:00:00,5.1631516e-05
2059-11-12 12:00:00,6.965035e-05
2059-11-13 12:00:00,3.218658e-05
2059-11-14 12:00:00,5.1736068e-05
2059-11-15 12:00:00,5.4284148e-05
2059-11-16 12:00:00,0.00019124075
2059-11-17 12:00:00,6.781028e-05
2059-11-18 12:00:00,3.2271e-05
2059-11-19 12:00:00,3.370787e-05
2059-11-20 12:00:00,5.2185176e-05
2059-11-21 12:00:00,6.982607e-05
2059-11-22 12:00:00,7.512428e-05
2059-11-23 12:00:00,0.00019523664
2059-11-24 12:00:00,9.756322e-05
2059-11-25 12:00:00,8.030945e-05
2059-11-26 12:00:00,9.11743e-05
2059-11-27 12:00:00,9.3963274e-05
2059-11-28 12:00:00,0.0001772256
2059-11-29 12:00:00,0.000109216446
2059-11-30 12:00:00,0.00013169495
2059-12-01 12:00:00,7.172389e-05
2059-12-02 12:00:00,9.041613e-05
2059-12-03 12:00:00,0.000113987655
2059-12-04 12:00:00,0.00014285314
2059-12-05 12:00:00,0.00015163491
2059-12-06 12:00:00,9.699649e-05
2059-12-07 12:00:00,6.4543055e-05
2059-12-08 12:00:00,3.840826e-05
2059-12-09 12:00:00,3.1580996e-05
2059-12-10 12:00:00,6.7025445e-05
2059-12-11 12:00:00,8.6061e-05
2059-12-12 12:00:00,5.797064e-05
2059-12-13 12:00:00,6.188901e-05
2059-12-14 12:00:00,3.968866e-05
2059-12-15 12:00:00,4.013353e-05
2059-12-16 12:00:00,3.276073e-05
2059-12-17 12:00:00,3.0407975e-05
2059-12-18 12:00:00,4.3832206e-05
2059-12-19 12:00:00,0.000109473054
2059-12-20 12:00:00,0.00013304847
2059-12-21 12:00:00,0.00010684002
2059-12-22 12:00:00,7.26207e-05
2059-12-23 12:00:00,6.898966e-05
2059-12-24 12:00:00,6.754007e-05
2059-12-25 12:00:00,9.505682e-05
2059-12-26 12:00:00,6.523712e-05
2059-12-27 12:00:00,4.811616e-05
2059-12-28 12:00:00,0.00015584062
2059-12-29 12:00:00,0.00015926539
2059-12-30 12:00:00,0.000117781165
2060-01-01 12:00:00,7.717698e-05
2060-01-02 12:00:00,5.5656383e-05
2060-01-03 12:00:00,7.456355e-05
2060-01-04 12:00:00,8.487085e-05
2060-01-05 12:00:00,4.8420097e-05
2060-01-06 12:00:00,6.388114e-05
2060-01-07 12:00:00,6.253098e-05
2060-01-08 12:00:00,9.0914684e-05
2060-01-09 12:00:00,0.00010526381
2060-01-10 12:00:00,5.038326e-05
2060-01-11 12:00:00,5.787068e-05
2060-01-12 12:00:00,7.759518e-05
2060-01-13 12:00:00,6.8443245e-05
2060-01-14 12:00:00,0.00011235033
2060-01-15 12:00:00,5.7544134e-05
2060-01-16 12:00:00,4.00228e-05
2060-01-17 12:00:00,3.253538e-05
2060-01-18 12:00:00,3.8559967e-05
2060-01-19 12:00:00,2.6968559e-05
2060-01-20 12:00:00,4.9822884e-05
2060-01-21 12:00:00,9.633121e-05
2060-01-22 12:00:00,8.90748e-05
2060-01-23 12:00:00,4.377022e-05
2060-01-24 12:00:00,8.087742e-05
2060-01-25 12:00:00,0.00010388433
2060-01-26 12:00:00,8.7839966e-05
2060-01-27 12:00:00,4.9150367e-05
2060-01-28 12:00:00,5.0404982e-05
2060-01-29 12:00:00,6.476523e-05
2060-01-30 12:00:00,3.9316903e-05
2060-02-01 12:00:00,5.0127357e-05
2060-02-02 12:00:00,0.000107064494
2060-02-03 12:00:00,9.1142334e-05
2060-02-04 12:00:00,0.0001688576
2060-02-05 12:00:00,0.00016845371
2060-02-06 12:00:00,7.6925666e-05
2060-02-07 12:00:00,8.74924e-05
2060-02-08 12:00:00,5.0459377e-05
2060-02-09 12:00:00,1.9837002e-05
2060-02-10 12:00:00,3.6140453e-05
2060-02-11 12:00:00,0.0001125665
2060-02-12 12:00:00,0.00011634694
2060-02-13 12:00:00,3.1723343e-05
2060-02-14 12:00:00,2.3142373e-05
2060-02-15 12:00:00,2.481166e-05
2060-02-16 12:00:00,5.1314153e-05
2060-02-17 12:00:00,5.4850527e-05
2060-02-18 12:00:00,3.7316477e-05
2060-02-19 12:00:00,6.251932e-05
2060-02-20 12:00:00,9.33531e-05
2060-02-21 12:00:00,9.552059e-05
2060-02-22 12:00:00,6.17857e-05
2060-02-23 12:00:00,7.600731e-05
2060-02-24 12:00:00,8.173131e-05
2060-02-25 12:00:00,0.000106639396
2060-02-26 12:00:00,7.988277e-05
2060-02-27 12:00:00,7.928655e-05
2060-02-28 12:00:00,4.9964172e-05
2060-02-29 12:00:00,2.1938798e-05
2060-02-30 12:00:00,4.038502e-05
2060-03-01 12:00:00,7.5891985e-05
2060-03-02 12:00:00,6.730996e-05
2060-03-03 12:00:00,4.962703e-05
2060-03-04 12:00:00,5.0726405e-05
2060-03-05 12:00:00,5.8967584e-05
2060-03-06 12:00:00,5.522317e-05
2060-03-07 12:00:00,4.8588932e-05
2060-03-08 12:00:00,4.0680836e-05
2060-03-09 12:00:00,3.0987423e-05
2060-03-10 12:00:00,1.8118793e-05
2060-03-11 12:00:00,2.802555e-05
2060-03-12 12:00:00,0.000103037855
2060-03-13 12:00:00,0.00019160085
2060-03-14 12:00:00,0.00012723722
2060-03-15 12:00:00,2.0156482e-05
2060-03-16 12:00:00,2.2220132e-05
2060-03-17 12:00:00,2.2315147e-05
2060-03-18 12:00:00,5.525319e-06
2060-03-19 12:00:00,1.9434161e-05
2060-03-20 12:00:00,1.968512e-05
2060-03-21 12:00:00,6.9194525e-06
2060-03-22 12:00:00,1.0463421e-05
2060-03-23 12:00:00,2.8706898e-05
2060-03-24 12:00:00,2.8028198e-05
2060-03-25 12:00:00,1.6527567e-05
2060-03-26 12:00:00,2.0613541e-05
2060-03-27 12:00:00,5.5971625e-05
2060-03-28 12:00:00,3.0045754e-05
2060-03-29 12:00:00,2.6928998e-05
2060-03-30 12:00:00,1.5185356e-05
2060-04-01 12:00:00,2.565572e-05
2060-04-02 12:00:00,2.269921e-05
2060-04-03 12:00:00,1.6779408e-05
2060-04-04 12:00:00,4.2166805e-05
2060-04-05 12:00:00,9.137775e-05
2060-04-06 12:00:00,4.4866065e-05
2060-04-07 12:00:00,1.9881505e-05
2060-04-08 12:00:00,2.3063252e-05
2060-04-09 12:00:00,1.594918e-05
2060-04-10 12:00:00,1.1640504e-05
2060-04-11 12:00:00,1.2046877e-05
2060-04-12 12:00:00,1.6670618e-05
2060-04-13 12:00:00,1.736433e-05
2060-04-14 12:00:00,8.3646255e-06
2060-04-15 12:00:00,7.5999187e-06
2060-04-16 12:00:00,2.1597418e-05
2060-04-17 12:00:00,3.213042e-05
2060-04-18 12:00:00,7.995659e-05
2060-04-19 12:00:00,5.4354085e-05
2060-04-20 12:00:00,2.6145572e-05
2060-04-21 12:00:00,2.6075988e-05
2060-04-22 12:00:00,1.4552396e-05
2060-04-23 12:00:00,4.4222334e-06
2060-04-24 12:00:00,4.9591176e-06
2060-04-25 12:00:00,1.13056585e-05
2060-04-26 12:00:00,1.2712861e-05
2060-04-27 12:00:00,9.033789e-06
2060-04-28 12:00:00,7.2451157e-06
2060-04-29 12:00:00,1.0675525e-05
2060-04-30 12:00:00,1.3136717e-05
2060-05-01 12:00:00,3.3921664e-05
2060-05-02 12:00:00,4.0023053e-05
2060-05-03 12:00:00,2.8450819e-05
2060-05-04 12:00:00,1.7110193e-05
2060-05-05 12:00:00,2.5564712e-05
2060-05-06 12:00:00,1.7015354e-05
2060-05-07 12:00:00,8.791131e-06
2060-05-08 12:00:00,1.168395e-05
2060-05-09 12:00:00,2.853135e-05
2060-05-10 12:00:00,2.0533009e-05
2060-05-11 12:00:00,1.5577776e-05
2060-05-12 12:00:00,1.7917639e-05
2060-05-13 12:00:00,6.544676e-05
2060-05-14 12:00:00,7.67676e-05
2060-05-15 12:00:00,8.963959e-05
2060-05-16 12:00:00,9.554885e-05
2060-05-17 12:00:00,4.71208e-05
2060-05-18 12:00:00,4.956716e-05
2060-05-19 12:00:00,5.159531e-05
2060-05-20 12:00:00,2.8684823e-05
2060-05-21 12:00:00,3.7732563e-05
2060-05-22 12:00:00,7.164742e-05
2060-05-23 12:00:00,5.046997e-05
2060-05-24 12:00:00,1.30830285e-05
2060-05-25 12:00:00,6.295678e-06
2060-05-26 12:00:00,6.3663206e-06
2060-05-27 12:00:00,1.4148321e-05
2060-05-28 12:00:00,1.3851622e-05
2060-05-29 12:00:00,1.2944569e-05
2060-05-30 12:00:00,2.7087239e-05
2060-06-01 12:00:00,4.3678385e-05
2060-06-02 12:00:00,8.405422e-05
2060-06-03 12:00:00,6.2040715e-05
2060-06-04 12:00:00,3.3335407e-05
2060-06-05 12:00:00,2.3941166e-05
2060-06-06 12:00:00,3.0424046e-06
2060-06-07 12:00:00,4.4328294e-06
2060-06-08 12:00:00,1.8677401e-05
2060-06-09 12:00:00,6.8701793e-06
2060-06-10 12:00:00,5.373614e-06
2060-06-11 12:00:00,4.719639e-06
2060-06-12 12:00:00,2.8636787e-06
2060-06-13 12:00:00,5.4500847e-06
2060-06-14 12:00:00,1.31091665e-05
2060-06-15 12:00:00,1.7117256e-05
2060-06-16 12:00:00,1.8567727e-05
2060-06-17 12:00:00,1.601894e-05
2060-06-18 12:00:00,1.5462274e-05
2060-06-19 12:00:00,1.9421092e-05
2060-06-20 12:00:00,2.6321472e-05
2060-06-21 12:00:00,4.829983e-05
2060-06-22 12:00:00,3.3052307e-05
2060-06-23 12:00:00,1.1786028e-05
2060-06-24 12:00:00,2.4600615e-05
2060-06-25 12:00:00,2.6411893e-05
2060-06-26 12:00:00,2.1938798e-05
2060-06-27 12:00:00,5.4242293e-05
2060-06-28 12:00:00,2.7025073e-05
2060-06-29 12:00:00,2.6923346e-05
2060-06-30 12:00:00,6.1919745e-05
2060-07-01 12:00:00,7.270088e-05
2060-07-02 12:00:00,5.4739263e-05
2060-07-03 12:00:00,1.4428772e-05
2060-07-04 12:00:00,7.8055775e-05
2060-07-05 12:00:00,9.671851e-05
2060-07-06 12:00:00,0.00016473861
2060-07-07 12:00:00,0.00014499945
2060-07-08 12:00:00,0.000114390314
2060-07-09 12:00:00,8.311449e-05
2060-07-10 12:00:00,9.4977e-05
2060-07-11 12:00:00,0.00010963094
2060-07-12 12:00:00,8.953998e-05
2060-07-13 12:00:00,6.7073655e-05
2060-07-14 12:00:00,5.999826e-05
2060-07-15 12:00:00,1.6733844e-05
2060-07-16 12:00:00,1.8104312e-05
2060-07-17 12:00:00,4.1518128e-05
2060-07-18 12:00:00,6.483022e-05
2060-07-19 12:00:00,7.3694464e-05
2060-07-20 12:00:00,5.2154093e-05
2060-07-21 12:00:00,4.413191e-05
2060-07-22 12:00:00,7.7613724e-05
2060-07-23 12:00:00,6.733097e-05
2060-07-24 12:00:00,4.6109904e-05
2060-07-25 12:00:00,5.0930565e-05
2060-07-26 12:00:00,4.509265e-05
2060-07-27 12:00:00,5.549973e-05
2060-07-28 12:00:00,6.9970185e-05
2060-07-29 12:00:00,6.310371e-05
2060-07-30 12:00:00,0.00011509957
2060-08-01 12:00:00,0.00013711378
2060-08-02 12:00:00,0.000120075114
2060-08-03 12:00:00,8.746732e-05
2060-08-04 12:00:00,2.6721485e-05
2060-08-05 12:00:00,3.829064e-05
2060-08-06 12:00:00,6.510149e-05
2060-08-07 12:00:00,8.6210945e-05
2060-08-08 12:00:00,8.931339e-05
2060-08-09 12:00:00,0.000101126796
2060-08-10 12:00:00,0.00011784598
2060-08-11 12:00:00,0.00013672754
2060-08-12 12:00:00,0.00012383949
2060-08-13 12:00:00,6.437811e-05
2060-08-14 12:00:00,3.336031e-05
2060-08-15 12:00:00,2.7853004e-05
2060-08-16 12:00:00,5.0857096e-05
2060-08-17 12:00:00,9.3680705e-05
2060-08-18 12:00:00,0.00016690328
2060-08-19 12:00:00,8.358162e-05
2060-08-20 12:00:00,8.55907e-05
2060-08-21 12:00:00,9.4344745e-05
2060-08-22 12:00:00,0.00010153335
2060-08-23 12:00:00,9.630296e-05
2060-08-24 12:00:00,8.146799e-05
2060-08-25 12:00:00,8.2996696e-05
2060-08-26 12:00:00,7.3440155e-05
2060-08-27 12:00:00,8.835707e-05
2060-08-28 12:00:00,8.40846e-05
2060-08-29 12:00:00,8.975297e-05
2060-08-30 12:00:00,5.5525164e-05
2060-09-01 12:00:00,2.473201e-05
2060-09-02 12:00:00,5.685148e-06
2060-09-03 12:00:00,9.66039e-07
2060-09-04 12:00:00,2.8589102e-06
2060-09-05 12:00:00,3.0179799e-05
2060-09-06 12:00:00,7.770097e-05
2060-09-07 12:00:00,0.00011756659
2060-09-08 12:00:00,6.859813e-05
2060-09-09 12:00:00,1.4247927e-05
2060-09-10 12:00:00,9.11856e-06
2060-09-11 12:00:00,1.2588176e-05
2060-09-12 12:00:00,1.421031e-05
2060-09-13 12:00:00,2.5875186e-05
2060-09-14 12:00:00,5.5975688e-05
2060-09-15 12:00:00,3.324887e-05
2060-09-16 12:00:00,7.1038303e-06
2060-09-17 12:00:00,9.338965e-06
2060-09-18 12:00:00,3.010792e-05
2060-09-19 12:00:00,9.692462e-05
2060-09-20 12:00:00,6.177845e-05
2060-09-21 12:00:00,2.2436123e-05
2060-09-22 12:00:00,1.7386583e-05
2060-09-23 12:00:00,1.5318165e-05
2060-09-24 12:00:00,1.9827994e-05
2060-09-25 12:00:00,2.1062828e-05
2060-09-26 12:00:00,1.679601e-05
2060-09-27 12:00:00,1.8324718e-05
2060-09-28 12:00:00,6.8184336e-06
2060-09-29 12:00:00,9.474599e-06
2060-09-30 12:00:00,2.5810017e-05
2060-10-01 12:00:00,9.070523e-06
2060-10-02 12:00:00,4.8934908e-05
2060-10-03 12:00:00,5.4213684e-05
2060-10-04 12:00:00,5.2944586e-05
2060-10-05 12:00:00,7.202942e-05
2060-10-06 12:00:00,0.000105528896
2060-10-07 12:00:00,9.97256e-05
2060-10-08 12:00:00,6.955498e-05
2060-10-09 12:00:00,4.794432e-05
2060-10-10 12:00:00,1.622557e-05
2060-10-11 12:00:00,1.0054929e-05
2060-10-12 12:00:00,1.2513825e-05
2060-10-13 12:00:00,6.734192e-06
2060-10-14 12:00:00,1.039684e-05
2060-10-15 12:00:00,1.5130608e-05
2060-10-16 12:00:00,1.6181772e-05
2060-10-17 12:00:00,9.290575e-06
2060-10-18 12:00:00,2.828004e-05
2060-10-19 12:00:00,3.1149193e-05
2060-10-20 12:00:00,0.00010949336
2060-10-21 12:00:00,9.631426e-05
2060-10-22 12:00:00,7.824668e-05
2060-10-23 12:00:00,6.153262e-05
2060-10-24 12:00:00,3.9531657e-05
2060-10-25 12:00:00,3.719762e-05
2060-10-26 12:00:00,2.4758854e-05
2060-10-27 12:00:00,8.757434e-05
2060-10-28 12:00:00,0.00014688313
2060-10-29 12:00:00,4.6920883e-05
2060-10-30 12:00:00,3.3973487e-05
2060-11-01 12:00:00,2.2351538e-05
2060-11-02 12:00:00,2.2467195e-05
2060-11-03 12:00:00,5.048675e-05
2060-11-04 12:00:00,0.00016016731
2060-11-05 12:00:00,0.00013539504
2060-11-06 12:00:00,5.604333e-05
2060-11-07 12:00:00,7.891338e-05
2060-11-08 12:00:00,7.769037e-05
2060-11-09 12:00:00,8.388168e-05
2060-11-10 12:00:00,7.940911e-05
2060-11-11 12:00:00,6.3290914e-05
2060-11-12 12:00:00,7.622577e-05
2060-11-13 12:00:00,7.461512e-05
2060-11-14 12:00:00,5.883866e-05
2060-11-15 12:00:00,5.4601864e-05
2060-11-16 12:00:00,4.259649e-05
2060-11-17 12:00:00,1.7219865e-05
2060-11-18 12:00:00,1.1599532e-05
2060-11-19 12:00:00,1.3504059e-05
2060-11-20 12:00:00,7.457044e-06
2060-11-21 12:00:00,7.7820005e-06
2060-11-22 12:00:00,2.1698612e-05
2060-11-23 12:00:00,6.143655e-05
2060-11-24 12:00:00,3.241935e-05
2060-11-25 12:00:00,0.00011489612
2060-11-26 12:00:00,0.00021037397
2060-11-27 12:00:00,0.00024030953
2060-11-28 12:00:00,0.00020503621
2060-11-29 12:00:00,0.00010950749
2060-11-30 12:00:00,0.000101598336
2060-12-01 12:00:00,3.6784713e-05
2060-12-02 12:00:00,2.4129075e-05
2060-12-03 12:00:00,4.458632e-05
2060-12-04 12:00:00,5.360951e-05
2060-12-05 12:00:00,3.705263e-05
2060-12-06 12:00:00,3.149446e-05
2060-12-07 12:00:00,2.4339943e-05
2060-12-08 12:00:00,3.0209116e-05
2060-12-09 12:00:00,9.687728e-05
2060-12-10 12:00:00,0.00012965708
2060-12-11 12:00:00,0.000117970136
2060-12-12 12:00:00,0.00010682819
2060-12-13 12:00:00,6.855486e-05
2060-12-14 12:00:00,4.109233e-05
2060-12-15 12:00:00,3.140757e-05
2060-12-16 12:00:00,3.2011387e-05
2060-12-17 12:00:00,4.040321e-05
2060-12-18 12:00:00,6.354735e-05
2060-12-19 12:00:00,8.156124e-05
2060-12-20 12:00:00,5.1427887e-05
2060-12-21 12:00:00,3.8491795e-05
2060-12-22 12:00:00,4.6019482e-05
2060-12-23 12:00:00,3.9814226e-05
2060-12-24 12:00:00,0.00019547684
2060-12-25 12:00:00,0.00016817484
2060-12-26 12:00:00,0.00010920514
2060-12-27 12:00:00,9.8925215e-05
2060-12-28 12:00:00,5.084014e-05
2060-12-29 12:00:00,3.0353756e-05
2060-12-30 12:00:00,6.559599e-05
